== Parameters ==
2009_8: -3.86138, -2.95933, -3.43664, -5.06827, -2.87042, -3.25377, -3.34124, -2.46022, -2.10115, -0.698605, -2.77058, -3.99156, -4.75525, -4.77804, -1.42085, -2.86249, -2.86481, -2.83256, -4.03833, -3.97608, -1.01676, -3.34089, -1.88395, -3.10408, -1.14713, -3.33999, -2.23555, -3.93517, -4.38115, -3.18306, 
2007_2: -5.4602, -3.24872, -3.36492, -3.72731, -2.92479, -2.1583, -3.50832, -3.31879, -3.4834, -0.899756, -4.12837, -2.33027, -3.99365, -2.71343, -1.40811, -2.34805, -3.5263, -2.74128, -2.71587, -3.56256, -2.41198, -2.27517, -2.36697, -1.88953, -1.32381, -2.95754, -2.92136, -3.46856, -3.63708, -3.60466, 
2017_1: -2.63693, -3.12044, -1.75821, -3.48158, -2.96477, -2.83081, -3.99887, -3.61031, -3.33186, -0.540767, -4.28033, -4.42281, -2.37957, -3.20014, -1.61973, -3.44877, -1.95261, -1.28492, -4.77897, -2.41116, -2.66598, -2.14804, -2.61693, -3.28084, -1.99012, -2.75156, -1.97276, -2.88576, -2.84595, -1.57576, 
2005_3: -2.61549, -3.07297, -5.95646, -3.27429, -2.11404, -1.6522, -4.74476, -2.20895, -2.74696, -0.256617, -2.1709, -3.07854, -2.97203, -2.60191, -1.37112, -2.64264, -5.0635, -3.06663, -2.91012, -3.52552, -1.48001, -2.63215, -2.62361, -2.47113, -0.999568, -3.47779, -2.2376, -3.33592, -3.36542, -2.56576, 
2017_4: -3.08358, -2.74981, -2.077, -4.1519, -3.33577, -3.28372, -2.99505, -4.40362, -2.70922, -1.06509, -3.15256, -3.92037, -3.88166, -4.3113, -0.812315, -3.98879, -3.24927, -2.58778, -4.1625, -2.68802, -3.46531, -2.16267, -2.28424, -3.83221, -0.271865, -2.73942, -2.1663, -3.43005, -2.94015, -2.73764, 
2010_2: -2.72195, -2.86487, -3.5611, -4.20668, -3.26509, -1.93563, -4.01637, -2.65878, -3.32734, -1.37988, -3.94321, -3.12419, -3.54552, -2.52758, -1.15813, -2.50055, -3.69061, -3.30246, -3.59801, -3.368, -2.43149, -3.51985, -3.28414, -3.16699, -1.09452, -2.66529, -2.36903, -3.10827, -3.99228, -3.02799, 
2005_5: -3.02897, -3.26681, -2.72907, -2.70355, -1.91386, -2.29725, -5.36178, -2.37326, -1.68763, -1.42807, -3.00159, -3.67238, -3.26185, -2.98141, -0.822438, -2.33293, -8.25322, -5.90628, -2.6412, -2.82203, -2.54943, -3.14646, -3.02904, -2.87963, -1.80431, -4.92995, -2.57744, -2.73937, -3.26992, -3.37854, 
2011_5: -3.71028, -8.19359, -3.57861, -3.47879, -2.18236, -1.95623, -3.55267, -3.26642, -2.90683, -0.814607, -2.32353, -4.23226, -4.29216, -3.96408, -1.76465, -4.48396, -3.02803, -2.47782, -4.39658, -3.48568, -2.20354, -3.32705, -2.42489, -3.21627, -1.66119, -3.8397, -2.40612, -2.65716, -2.82596, -3.83295, 
2016_3: -3.84164, -3.95694, -2.05533, -3.21865, -2.63413, -2.01583, -5.4703, -4.08655, -3.46871, 0.033631, -3.88418, -3.17626, -34.3342, -4.08634, -1.29071, -2.95443, -2.51789, -2.27007, -3.81152, -3.33577, -2.26613, -1.8427, -1.98833, -2.7824, -1.59093, -2.57087, -2.00824, -2.36797, -2.27715, -1.17137, 
2011_1: -4.37194, -5.62148, -3.58148, -5.54463, -4.46671, -1.63143, -3.34718, -3.35148, -1.39655, -0.206123, -4.53973, -3.02019, -2.31303, -3.13858, -0.0771154, -3.49049, -2.45613, -3.54203, -3.98968, -6.83398, -2.54755, -3.00191, -1.02893, -3.36384, -0.799321, -2.26663, -3.33116, -1.79041, -4.13601, -3.34138, 
2014_0: -2.83722, -2.49479, -1.49571, -3.5364, -2.04143, -2.09961, -3.38019, -3.15802, -3.32804, -0.791065, -3.29938, -3.62071, -3.20753, -2.58429, -1.28538, -2.4849, -2.68105, -1.92751, -3.57393, -2.59288, -1.88164, -3.08101, -1.93892, -3.11353, -0.804735, -2.61739, -2.35991, -2.85922, -2.56126, -2.72277, 
2013_3: -3.43807, -4.13634, -2.05923, -3.5516, -1.56464, -1.83209, -3.13756, -2.7992, -2.94201, -0.911582, -3.41656, -3.95402, -2.86063, -3.09637, -0.714405, -2.76727, -2.55149, -2.23828, -4.2605, -2.6357, -1.78808, -3.56288, -2.42631, -2.86881, -1.01684, -3.67138, -1.89795, -2.99142, -2.83526, -3.22227, 
2013_4: -2.72688, -4.92836, -2.0868, -3.5748, -3.17043, -2.7089, -3.501, -3.50266, -3.45892, -1.16955, -2.97473, -4.65431, -3.23588, -5.37662, -1.22742, -3.55276, -3.37781, -3.44764, -3.43536, -2.93556, -1.88053, -3.2923, -1.81057, -2.07231, -1.26794, -2.95708, -2.36192, -3.20895, -3.78783, -2.40634, 
2015_8: -2.26738, -3.80335, -2.34849, -4.23653, -2.97014, -2.84387, -3.2861, -4.35613, -2.65849, 0.74181, -3.59714, -4.35977, -3.58756, -4.0973, -0.121658, -4.08545, -2.28711, -3.25062, -4.54409, -2.31599, -3.08886, -2.63351, -2.02401, -3.17425, -2.32348, -3.98899, -2.10856, -3.67682, -6.10154, -2.42956, 
2004_5: -8.88203, -3.88922, -4.06197, -2.7893, -4.16038, -2.16787, -2.94556, -2.66781, -2.1213, -1.79786, -2.61283, -4.01235, -3.03117, -2.5887, -1.78023, -2.04606, -2.87584, -2.63085, -2.35614, -2.95031, -2.62296, -2.56339, -3.52885, -1.90939, -1.28054, -4.96434, -2.50366, -2.70018, -3.01902, -3.13758, 
2008_1: -3.53949, -3.21174, -3.89333, -3.60645, -1.94473, -1.81603, -3.83162, -2.77411, -3.74623, -1.39552, -4.32154, -5.19222, -3.10419, -3.09979, -1.55757, -4.40517, -2.22965, -3.97949, -3.60977, -3.67057, -1.5842, -1.57691, -1.86661, -1.86117, -0.975752, -4.16391, -2.90826, -3.64436, -3.19332, -3.50519, 
2008_6: -7.08239, -3.59234, -3.81884, -7.87329, -3.25715, -2.27643, -3.4087, -4.44113, -1.84642, -1.23417, -2.99892, -3.75568, -4.76816, -3.63663, -0.0216277, -3.25088, -3.69467, -5.12474, -2.65853, -3.4863, -2.98555, -3.61679, -2.5346, -2.39595, -2.43345, -3.72386, -4.5472, -2.90899, -4.01655, -4.15009, 
2014_2: -3.42113, -4.07873, -2.24569, -3.88811, -2.62207, -2.45942, -4.58433, -4.03868, -2.97773, -0.770056, -4.16092, -3.49902, -3.43345, -3.17147, -0.92047, -3.69446, -3.79966, -2.54687, -3.97917, -9.37575, -1.69449, -2.71222, -1.73931, -2.76367, -1.19365, -2.77418, -3.19228, -2.64298, -3.58049, -1.44317, 
2014_3: -2.78276, -3.64459, -2.15497, -3.37305, -2.42791, -2.18291, -3.04213, -3.03136, -3.32466, -1.08364, -3.82232, -4.58525, -5.16198, -2.82442, -1.25885, -3.04569, -2.64844, -3.18604, -7.17718, -3.87971, -2.05125, -2.99106, -3.01577, -2.81401, -1.67385, -3.25106, -3.27869, -3.50873, -3.41953, -2.17614, 
2012_6: -3.83576, -3.64685, -2.68912, -4.24908, -2.79709, -3.04613, -3.59543, -3.5608, -1.95728, -1.07219, -3.35304, -3.93009, -3.06558, -3.97627, -1.06847, -3.40242, -2.80208, -3.25539, -3.51007, -3.72636, -3.64742, -2.98304, -1.66637, -3.51743, -1.57005, -7.09154, -2.08384, -2.23005, -3.20202, -2.93654, 
2011_8: -3.3046, -4.18226, -1.71321, -4.1864, -2.74828, -2.05342, -3.99431, -3.25575, -1.97293, -0.937102, -2.82355, -4.25853, -3.48827, -3.97211, -0.858774, -3.86322, -1.69703, -3.7229, -6.2012, -3.16857, -2.39108, -3.25198, -2.09361, -4.04448, -2.22638, -3.47039, -1.51375, -3.46415, -3.8257, -3.54344, 
2007_6: -2.92731, -3.9565, -2.28093, -3.21932, -4.0854, -2.03884, -3.25197, -2.85739, -2.75008, -1.35119, -2.52136, -2.95792, -2.43719, -2.83083, -1.53555, -2.95319, -2.91704, -2.19836, -2.84887, -3.11383, -2.68873, -2.60136, -2.79231, -3.14844, -1.5227, -4.56327, -2.60103, -2.98004, -2.88136, -8.40578, 
2015_7: -2.82766, -3.40216, -2.05258, -3.49726, -2.79249, -3.79045, -4.80286, -3.9592, -2.68448, -1.07962, -3.73869, -3.59926, -3.25921, -3.76779, -0.211672, -3.7426, -1.94138, -3.2111, -4.67559, -2.39844, -2.73074, -2.81585, -2.25468, -2.81551, -1.92615, -4.41062, -1.69699, -2.20495, -2.88498, -2.0471, 
2012_3: -4.53229, -4.89141, -2.91226, -4.25339, -2.7193, -1.97197, -4.24847, -4.06252, -2.01203, -0.693633, -4.02238, -3.50746, -3.68909, -3.561, -1.87868, -2.64298, -3.12304, -2.44478, -4.3238, -3.51397, -2.49978, -2.15039, -1.6702, -2.45914, -0.94063, -3.00032, -2.88596, -2.48073, -3.52448, -3.02018, 
2003_6: -2.67868, -2.19479, -2.54957, -3.05669, -1.26793, -4.79641, -2.32327, -5.97804, -2.65825, -1.20202, -3.03619, -4.39354, -2.42969, -1.94157, -3.44933, -1.25878, -1.82495, -2.7946, -5.61699, -3.44837, -1.8944, -1.42596, -2.67865, -2.34993, -0.5782, -4.57654, -1.62612, -3.88448, -2.261, -2.80438, 
2011_2: -3.89834, -3.81909, -2.87542, -4.57847, -2.40436, -2.5391, -3.06048, -2.44513, -3.07853, -1.18081, -4.14231, -2.98143, -3.59679, -3.04734, -1.32396, -3.07466, -3.06975, -3.81493, -4.462, -3.86058, -3.01074, -2.94378, -1.93934, -5.34993, -1.64003, -3.80359, -1.91569, -2.56058, -3.47809, -3.43237, 
2011_3: -2.26475, -3.32612, -3.14407, -3.86989, -3.49524, -2.60775, -3.43827, -3.43769, -3.25473, -1.04736, -3.84805, -3.83903, -3.6913, -3.18161, -1.03607, -2.77432, -2.67866, -3.25231, -3.94886, -3.47562, -2.41488, -2.74681, -1.96988, -3.29489, -1.06509, -3.90057, -2.15495, -3.1214, -3.32021, -3.19932, 
2016_4: -2.8284, -7.32119, -2.15715, -3.71678, -2.67972, -2.80768, -3.86895, -3.87866, -2.76099, -0.865941, -3.65631, -3.83035, -4.81088, -3.07738, -1.80418, -3.20151, -4.05848, -2.03481, -5.14467, -2.50075, -2.1004, -2.79791, -1.79425, -2.99624, -1.33846, -2.65935, -2.49337, -2.79708, -3.43074, -2.18346, 
2011_6: -3.36171, -2.6985, -3.28325, -3.80183, -1.84147, -2.79117, -3.54839, -3.33504, -2.80351, -1.2929, -3.63533, -3.87827, -3.7517, -2.78428, -0.434915, -3.03347, -3.45923, -2.98959, -4.33183, -3.92441, -2.1786, -2.88662, -1.68481, -7.87919, -1.49749, -3.59845, -2.80199, -2.95256, -2.80583, -3.15658, 
2010_6: -3.68479, -3.11748, -4.20707, -5.88279, -2.023, -2.11736, -3.59183, -3.39806, -4.57497, -1.16034, -3.52469, -3.87307, -3.16006, -3.15212, -1.02483, -3.03135, -3.41618, -1.69935, -3.09614, -4.36327, -3.06656, -3.48208, -2.57165, -3.27936, -1.20452, -3.87255, -1.91006, -3.22862, -3.22879, -3.07176, 
2016_5: -2.89208, -3.25432, -2.5575, -3.92494, -3.02983, -2.82169, -3.5155, -3.80804, -3.52991, -1.72725, -2.86779, -3.94272, -4.00657, -3.14097, -1.16079, -3.03531, -2.55413, -2.13465, -3.99795, -1.90672, -2.41918, -2.62144, -2.02634, -3.47995, -0.278921, -3.3159, -3.49573, -2.85195, -2.79076, -3.00621, 
2013_7: -2.4114, -4.39493, -2.11212, -3.6326, -2.19875, -2.1881, -4.44342, -3.04112, -1.97061, -1.04659, -4.91487, -3.461, -3.046, -8.26499, -1.03737, -3.78517, -2.87426, -2.86395, -3.61755, -2.26795, -2.52104, -4.19917, -2.75677, -2.68164, -0.899582, -3.18355, -1.98419, -2.92677, -2.79297, -2.68083, 
2007_8: -3.37539, -3.10264, -3.12207, -3.61624, -2.51871, -2.2312, -2.84996, -3.14293, -2.97158, -0.961018, -4.17683, -3.25046, -3.64081, -3.06209, -1.11675, -3.01921, -3.00403, -2.84338, -3.81467, -3.53702, -2.31657, -2.94348, -2.05392, -1.8768, -0.952611, -3.45829, -2.37082, -3.74757, -3.30623, -3.57491, 
2004_2: -7.60774, -2.10491, -2.97447, -2.67261, -1.36934, -1.87186, -2.79572, -1.53181, -2.19724, -1.11532, -2.56474, -1.16568, -2.29044, -2.43798, -1.37351, -1.82814, -3.67922, -2.59686, -4.90125, -2.7494, -1.62415, -1.75266, -1.67096, -1.5175, -1.35985, -2.74759, -6.49413, -2.29883, -3.09951, -2.82337, 
2009_4: -3.83048, -3.11968, -2.93509, -3.51929, -2.55225, -2.03898, -3.25751, -2.39074, -5.38311, -0.674692, -3.39618, -3.47092, -3.62394, -2.79752, -1.09871, -2.389, -3.3875, -3.57459, -4.00926, -3.35567, -2.22718, -2.76572, -1.91162, -5.65363, -1.39039, -2.97487, -2.4843, -3.62285, -3.10606, -4.05037, 
2008_0: -3.6946, -3.26677, -3.04197, -3.65401, -2.17034, -0.71769, -4.24715, -2.73831, -3.08916, -0.841298, -4.55814, -3.19776, -3.29431, -3.70136, -1.77112, -3.08607, -2.28354, -2.56227, -5.31095, -4.05589, -1.90722, -2.00211, -2.86979, -3.12985, -0.951789, -3.4148, -2.74764, -2.88436, -3.48677, -3.34287, 
2015_0: -2.18039, -4.32704, -5.77252, -3.28436, -2.18544, -2.71294, -2.48159, -4.43603, -2.48029, -1.88554, -3.30681, -5.64331, -2.65212, -3.13012, -4.46304, -3.05732, -2.21041, -2.31218, -3.11654, -2.91005, -2.24861, -2.2013, -2.15006, -2.61071, -1.62947, -3.47717, -2.5747, -2.30487, -6.30048, -2.27172, 
2012_7: -5.01374, -3.27733, -2.57797, -4.65481, -3.76802, -2.14552, -4.52432, -3.52734, -2.68113, -1.22949, -3.65988, -3.64985, -2.86497, -2.77437, 0.303357, -3.38759, -2.44086, -2.9454, -4.01631, -2.72556, -2.18898, -6.26437, -2.69946, -11.4536, -1.51742, -3.63312, -2.93484, -2.70723, -3.01965, -2.85235, 
2009_6: -3.63054, -2.84868, -4.17157, -3.05021, -2.44395, -2.17177, -3.78882, -3.36004, -2.20018, -0.638578, -3.45046, -2.6503, -4.12297, -2.47088, -1.26138, -5.31916, -3.27944, -2.80442, -3.42202, -3.00159, -1.36854, -3.51156, -1.78591, -2.81365, -1.20408, -3.59646, -5.49931, -3.07248, -3.1937, -4.02372, 
2015_3: -2.90225, -4.55274, -1.81868, -3.30148, -2.65195, -3.33866, -3.05093, -3.87772, -2.72299, -0.998859, -3.38826, -3.76868, -3.46709, -3.81685, -2.04343, -4.67514, -2.51207, -2.74518, -3.14347, -3.01188, -2.06146, -2.10058, -2.01986, -1.96524, -1.34385, -3.34548, -2.49447, -2.28358, -2.95502, -2.14232, 
2014_6: -2.44873, -4.26871, -2.21907, -3.85885, -2.45981, -1.99809, -3.31316, -3.86693, -2.15258, -0.450813, -3.86231, -4.39537, -4.07331, -2.71671, -0.485991, -3.52249, -2.86576, -2.30412, -3.16184, -3.16818, -2.05188, -2.06954, -2.19241, -3.39308, -1.89462, -2.99246, -2.09708, -4.47204, -3.04285, -1.96191, 
2014_4: -3.3696, -2.76967, -2.0174, -4.05976, -2.44102, -2.15331, -3.34433, -3.40095, -2.96934, -1.0987, -3.12464, -3.13409, -3.0169, -3.47817, -1.41868, -3.51565, -2.76861, -1.92376, -3.21977, -2.70561, -2.52118, -2.41899, -2.05525, -3.33401, -0.352489, -3.41515, -2.2768, -2.17009, -4.26701, -2.62837, 
2003_7: -2.98524, -2.48512, -2.5005, -3.01786, -2.3495, -1.94342, -7.56212, -2.37535, -1.88977, -2.17531, -5.05009, -2.53885, -2.01033, -2.16134, -0.259574, -1.74221, -2.22561, -2.38028, -2.32708, -2.70565, -2.23903, -2.1412, -1.98363, -1.99761, -1.99643, -3.10939, -2.02735, -3.19657, -3.01569, -5.47499, 
2016_8: -3.39674, -4.18545, -2.17045, -3.73831, -2.76203, -4.28661, -2.39371, -4.33642, -2.21773, -0.487718, -3.32944, -4.70817, -3.26867, -4.11547, -0.731627, -3.85439, -2.25036, -2.79674, -3.62027, -2.83716, -2.80435, -3.47216, -2.00478, -2.43043, -1.99238, -2.54043, -1.82589, -3.36764, -4.09622, -1.89329, 
2012_8: -2.92464, -3.36777, -2.26713, -4.2794, -2.81066, -2.79831, -3.9211, -3.9364, -10.7192, 0.18705, -5.75313, -5.13906, -3.49884, -4.91649, -1.2284, -3.69388, -2.87227, -3.01529, -3.65777, -3.55913, -3.09925, -3.46775, -3.03457, -2.42192, -1.50083, -3.37421, -2.19627, -3.06724, -2.89992, -2.85676, 
2015_5: -3.54325, -4.00151, -2.05561, -3.35136, -2.03571, -1.92045, -3.25159, -3.91398, -1.73753, -1.31559, -5.4111, -3.41905, -3.37878, -4.5448, -0.262069, -2.59135, -2.14451, -2.83521, -4.33792, -2.90423, -2.36457, -2.55495, -1.82317, -3.74539, -1.81366, -2.48006, -2.00677, -1.81556, -2.77771, -5.38067, 
2014_5: -3.07107, -3.55755, -2.35984, -4.12881, -2.19824, -3.94227, -3.14015, -3.66331, -2.57338, -0.954151, -3.42302, -3.97203, -3.31379, -3.44093, -0.879813, -3.48276, -2.27052, -3.74541, -3.99099, -2.98132, -2.33757, -2.18616, -2.37858, -2.72594, -1.34908, -3.57058, -2.55898, -3.43176, -3.36464, -2.80038, 
2010_7: -4.29504, -3.89321, -3.16589, -4.0619, -2.4756, -1.97635, -3.76673, -3.26905, -2.32978, -1.3839, -3.40768, -3.86786, -4.09179, -3.73656, -0.255052, -2.59276, -3.00878, -3.43158, -3.89001, -4.41636, -2.1619, -5.12488, -3.03059, -3.52693, -1.06774, -4.20138, -2.20846, -2.89721, -3.92815, -3.75817, 
2010_1: -4.90763, -3.1315, -3.47174, -4.31894, -2.64284, -2.2706, -3.34534, -2.56499, -2.98556, -1.62547, -3.96288, -4.1347, -3.4593, -3.23631, -0.870616, -2.71458, -3.88481, -2.99051, -3.28145, -3.47969, -1.93779, -1.68904, -2.10755, -2.50328, 0.46992, -3.29684, -2.86046, -3.16566, -6.67927, -3.60849, 
2012_4: -3.07523, -3.09682, -2.53659, -3.62792, -2.48012, -2.62949, -3.67481, -5.63815, -3.05282, -1.20305, -3.91117, -4.25536, -2.63724, -3.53428, -1.17129, -2.72973, -3.57157, -3.95159, -3.83973, -3.74761, -2.36672, -3.8266, -2.43159, -2.89587, -1.50156, -3.5395, -2.4769, -4.29969, -3.00996, -2.94896, 
2008_2: -3.96824, -2.7702, -2.66116, -3.29518, -3.45316, -2.44942, -2.27873, -2.60057, -2.91741, -1.5324, -3.30234, -2.98271, -3.17626, -4.61404, -1.32596, -1.78054, -3.22603, -2.72632, -3.39751, -3.28585, -1.61272, -2.862, -2.84891, -2.43248, -1.46985, -3.53369, -2.3361, -2.82179, -2.95555, -3.73416, 
2007_0: -3.11907, -2.96167, -3.96674, -3.48419, -2.21886, -2.51429, -3.23311, -3.44026, -2.64947, -1.51802, -3.5287, -2.64603, -3.54449, -2.65186, -2.05232, -4.28809, -3.39684, -2.33029, -2.97784, -2.88648, -3.56243, -3.17855, -2.51409, -6.62425, 0.0428634, -5.00818, -3.1458, -3.41256, -3.23615, -3.97978, 
2005_0: -2.2546, -2.71239, -3.51376, -3.5491, -4.51854, -8.74322, -3.04761, -2.74794, -3.81962, -1.1078, -2.97505, -2.17437, -3.44503, -2.22437, -1.43794, -2.81033, -2.62213, -2.98555, -2.62098, -4.41078, -2.34201, -4.06339, -2.94821, -3.2306, -0.91422, -4.39346, -1.74717, -3.19023, -2.9196, -3.096, 
2008_7: -3.2397, -3.4859, -3.87145, -3.95573, -3.1083, -1.66462, -3.25911, -2.93709, -2.38265, -0.667146, -3.21158, -3.41998, -3.29201, -4.02511, -1.08823, -2.54082, -3.6839, -3.9199, -4.28958, -3.5843, -2.02278, -3.03338, -2.18114, -3.41037, -1.3049, -3.66466, -3.15661, -3.0255, -3.31758, -3.72929, 
2004_6: -2.75771, -2.52888, -2.81041, -2.47199, -2.57518, -1.91588, -2.71982, -1.462, -1.27003, -1.1917, -2.55127, -1.68915, -2.78617, -2.00262, -1.54823, -1.86484, -2.01639, -1.95655, -2.51794, -2.54814, -0.649346, -6.39396, -1.57755, -4.03204, -1.69134, -4.17297, -2.36694, -2.3258, -3.80531, -2.074, 
2003_8: -4.84019, -2.88197, -3.75168, -2.65954, -2.72273, -2.60488, -2.71636, -2.18321, -2.21008, -1.55277, -3.01163, -3.93096, -4.48334, -2.86196, 0.136058, -1.94884, -1.98302, -2.18841, -2.64988, -3.2289, -2.54391, -2.17466, -2.20653, -1.42108, -2.76317, -7.24166, -4.55367, -2.38092, -2.55593, -4.12272, 
2007_3: -2.92445, -3.45339, -3.37855, -3.93046, -2.70821, -2.63086, -3.6559, -3.47082, -3.34509, -1.56522, -3.86991, -3.19221, -3.83419, -2.5773, -0.247854, -3.70379, -2.45548, -3.84995, -2.48234, -3.07105, -2.23418, -2.70926, -2.19225, -3.20755, -1.02836, -3.29139, -2.26625, -3.48596, -2.96337, -4.07615, 
2006_7: -4.86829, -3.0773, -3.42533, -3.20294, -3.15898, -2.42565, -3.1971, -2.28208, -2.3081, -0.837057, -3.01244, -4.14838, -4.39926, -9.23734, -1.65201, -2.13454, -2.90097, -2.82937, -3.48788, -3.20793, -1.98708, -3.26678, -2.03053, -2.19455, -1.19396, -3.60098, -2.56127, -3.25311, -2.96001, -3.73276, 
2012_1: -3.53133, -2.81074, -2.47403, -2.69882, -2.18532, -2.0641, -3.97839, -3.01761, -4.21684, -1.13477, -3.61291, -4.03718, -3.89881, -2.97769, -0.958125, -2.71694, -3.00022, -2.61781, -2.41309, -3.08537, -2.02747, -2.10497, -1.83361, -2.27576, -1.60899, -2.83881, -2.37101, -3.15428, -3.68269, -3.49341, 
2008_4: -2.95802, -4.96978, -3.54572, -4.66955, -2.21655, -1.13175, -3.68508, -3.37884, -2.94582, -0.902106, -3.8247, -3.56982, -5.56708, -2.98692, -0.707427, -3.30749, -3.1396, -2.80483, -4.42922, -3.355, -2.28244, -3.04982, -1.85496, -2.16, -1.11914, -3.89246, -2.20138, -2.77889, -3.24246, -3.43918, 
2012_5: -2.86853, -4.03267, -3.75939, -3.30087, -2.97989, -2.31804, -3.67085, -2.99081, -2.37269, -1.08294, -3.21713, -4.62703, -4.15668, -3.58526, -0.834226, -4.05403, -4.17604, -2.02565, -3.23071, -3.25157, -2.53438, -2.35457, -2.61081, -1.79245, -2.56961, -3.25137, -2.64371, -2.76583, -3.92111, -2.90048, 
2011_7: -3.20917, -3.62539, -2.9951, -4.01605, -2.48662, -3.33582, -3.28248, -3.55637, -2.16293, -1.1006, -3.42753, -3.59733, -3.42636, -4.55098, -1.04516, -3.01787, -4.43156, -5.40057, -4.80519, -2.49914, -2.0182, -3.73066, -2.67492, -3.52311, -1.00581, -3.46884, -1.234, -2.19881, -2.38418, -3.48939, 
2009_1: -3.57193, -3.23253, -2.84638, -3.67758, -1.50971, -2.42555, -3.00985, -3.34241, -3.10931, -0.463288, -4.43808, -2.41193, -3.36942, -2.05868, -1.40247, -2.60491, -3.03884, -2.74963, -4.06977, -3.6167, -2.70272, -4.05513, -2.05046, -1.53371, -1.20761, -2.93732, -3.72107, -2.65171, -3.57778, -2.77661, 
2010_5: -4.20061, -3.64352, -2.99447, -3.64779, -2.78958, -2.13966, -3.50152, -3.73835, -2.56975, -1.05519, -3.91523, -3.43503, -3.09627, -4.35343, -1.42816, -3.03829, -3.60712, -2.84422, -3.2239, -3.01914, -1.85714, -1.9682, -2.15649, -3.20098, -1.39551, -3.35728, -2.97059, -3.32253, -2.3066, -2.85386, 
2016_7: -2.37356, -5.42414, -2.01706, -3.71958, -3.06885, -3.63113, -3.08362, -4.0109, -2.49793, -0.8575, -3.81323, -3.80194, -5.00944, -3.82916, -1.03042, -3.31904, -2.79389, -1.97605, -5.40693, -4.17971, -2.67213, -2.92084, -1.99566, -2.81151, -1.56934, -3.33915, -1.63694, -2.65431, -3.28945, -1.82223, 
2017_7: -2.43772, -2.95045, -2.17422, -3.07787, -3.80738, -4.34755, -3.28617, -3.55965, -3.19894, -1.20629, -3.04915, -4.48298, -3.76219, -2.98507, -1.23049, -3.40114, -3.15731, -2.34884, -3.44284, -2.32225, -2.32985, -3.02341, -4.11183, -3.57307, -2.58876, -2.22468, -2.52775, -2.55572, -3.99701, -2.8368, 
2002_6: -1.98999, -2.07534, -2.28857, -1.90937, -3.75227, -3.574, -5.62144, -1.57866, -1.57722, -1.14363, -3.89188, -1.62524, -6.28569, -1.24311, -0.34255, -1.72812, -2.14143, -1.85059, -2.34737, -1.82784, -2.07415, -1.12512, -1.60394, -1.62348, -1.7531, -8.01089, -1.58152, -1.86632, -3.86763, -2.29016, 
2009_3: -3.06741, -3.49349, -3.3266, -4.25029, -2.08231, -2.32341, -3.40926, -2.87914, -3.45273, -1.13674, -3.67777, -3.58087, -4.50057, -4.45543, -0.6434, -1.98151, -3.15755, -3.13138, -4.06143, -4.37559, -2.67405, -2.85165, -1.38313, -3.03169, -1.17445, -3.36299, -2.84447, -3.62544, -3.35849, -3.7265, 
2015_4: -3.78058, -3.2116, -2.36896, -3.80773, -2.55959, -2.72482, -3.14998, -5.02518, -3.36795, -0.97781, -3.62392, -4.71723, -3.15818, -3.8365, -0.852221, -2.76123, -3.25636, -2.42388, -3.359, -2.46183, -1.65193, -2.74085, -1.75226, -2.87392, -1.96738, -4.20255, -2.31307, -2.07824, -2.78607, -3.07409, 
2005_6: -3.655, -3.10505, -3.29862, -2.97475, -2.87985, -1.56901, -4.39665, -4.32811, -1.04689, -0.805507, -2.28533, -3.21288, -2.8601, -2.37285, -0.678775, -2.29274, -2.97232, -3.10525, -3.01731, -3.32972, -3.13032, -2.09559, -2.15915, -2.80533, -1.46657, -3.52581, -2.29264, -2.67735, -2.8942, -2.99026, 
2009_0: -4.05031, -2.53141, -3.67835, -4.57127, -1.92546, -1.85282, -3.16293, -2.64077, -3.57744, -1.18084, -4.09709, -3.51417, -3.14293, -2.04328, -1.26966, -2.32358, -3.65409, -3.218, -3.40032, -3.93316, -1.8298, -2.13889, -1.56326, -3.26263, -0.801808, -3.97244, -1.69714, -4.35841, -2.22603, -4.22372, 
2016_6: -2.51577, -3.4325, -2.22858, -3.54849, -1.75227, -3.8138, -4.38941, -4.38168, -2.5009, -4.16784, -2.67512, -3.33888, -3.49297, -4.33916, -0.583764, -4.25713, -3.61782, -2.40665, -7.35341, -1.8429, -2.81513, -2.99387, -1.41433, -2.99457, -1.49673, -2.64661, -1.34117, -2.9294, -3.40306, -2.17676, 
2005_2: -3.3204, -2.64398, -4.65347, -2.9038, -1.84775, -2.07881, -3.76287, -3.14088, -2.90499, -1.02288, -3.53896, -3.02894, -2.73932, -2.85882, -2.05208, -1.74808, -2.65758, -2.73737, -3.58396, -3.50279, -1.07631, -2.26848, -3.11006, -2.87259, -1.0823, -3.34259, -6.8762, -3.99683, -3.42177, -3.42268, 
2003_1: -1.25034, -3.62061, -1.91428, -3.85713, -1.16584, -2.0435, -2.60595, -1.24288, -2.32495, -1.30191, -2.46155, -3.74975, -6.1914, -1.88305, -1.53573, -2.10799, -1.78265, -1.27863, -2.64431, -2.64801, -1.06588, -1.49725, -1.97556, -2.79604, -0.0943569, -1.98634, -1.12398, -1.55418, -2.59809, -6.6391, 
2017_6: -2.67943, -2.12445, -2.46492, -3.32501, -3.0085, -4.38842, -4.01332, -4.20393, -3.76125, -0.74864, -3.41391, -3.47148, -3.24003, -4.33977, -0.924217, -4.20924, -3.29123, -2.61278, -3.74296, -2.9213, -2.86439, -2.55438, -2.66596, -3.44103, -2.15824, -3.08197, -3.64984, -3.38086, -3.10306, -2.17183, 
2014_7: -4.48117, -3.81158, -1.88826, -3.58631, -2.62325, -2.56449, -4.24777, -3.75214, -3.17158, -0.604452, -2.68129, -3.60025, -3.16435, -3.22688, -1.13965, -2.76521, -3.18983, -2.63741, -4.44357, -2.44571, -2.35138, -3.55704, -1.94019, -2.90855, -1.69988, -3.46046, -3.04053, -2.99326, -2.9116, -2.52632, 
2015_2: -2.96527, -2.68088, -2.67627, -3.57612, -2.78093, -2.60736, -3.79488, -5.92147, -2.73119, -0.672448, -3.01372, -3.17113, -3.69912, -3.55257, -0.140359, -2.98471, -2.57577, -2.57073, -3.42515, -3.77469, -2.6811, -2.50763, -2.47608, -3.22988, -0.50341, -3.54229, -2.47104, -3.25279, -2.57505, -2.25599, 
2013_8: -2.22099, -3.90384, -2.04195, -3.57155, -2.68049, -2.37003, -3.9065, -4.46275, -1.82095, -0.611739, -2.83862, -5.66766, -3.29621, -3.39629, -1.34995, -4.51674, -3.04271, -2.91173, -4.12453, -2.96444, -2.15036, -3.83678, -2.46666, -3.29315, -1.53955, -4.07953, -2.10739, -3.03806, -3.1419, -2.09836, 
2012_0: -3.46515, -4.36051, -4.52786, -3.58265, -1.90775, -1.80877, -2.69564, -2.18518, -3.13795, 0.566994, -4.69135, -3.97676, -4.14356, -4.02538, -1.07045, -2.29462, -3.07701, -3.2941, -3.52397, -3.72347, -2.34535, -2.57827, -2.14551, -2.84499, -1.22127, -2.30825, -2.37545, -2.58603, -2.69996, -2.6183, 
2012_2: -2.96106, -3.23857, -2.24845, -3.80503, -4.64393, -1.74647, -2.96241, -2.92134, -3.51336, -1.27225, -3.57302, -3.45658, -2.9644, -4.24499, -1.36739, -2.2801, -3.65934, -3.05237, -4.6965, -3.21021, -3.34126, -3.13853, -2.16167, -2.84785, -1.05051, -3.22115, -2.69765, -3.84892, -3.14467, -3.20822, 
2013_0: -3.25973, -3.2059, -0.966936, -3.63487, -2.701, -1.95056, -2.89426, -3.05837, -3.74238, 0.345084, -4.19469, -4.70452, -4.08675, -2.85962, -1.02537, -2.71243, -2.80579, -2.48059, -2.84153, -3.92704, -2.5319, -2.66744, -1.94926, -2.21204, -0.984017, -3.12531, -1.99106, -2.79355, -3.21897, -2.43884, 
2015_6: -4.05407, -3.27206, -2.54032, -4.17698, -2.25735, -2.61746, -6.8098, -4.09764, -2.7911, -0.741521, -3.32421, -4.25814, -3.98181, -3.00138, -0.759098, -3.12858, -3.78841, -2.11501, -3.13776, -2.15685, -2.19027, -2.85405, -2.58357, -2.74647, -1.58699, -2.75652, -2.39723, -2.68097, -3.09154, -3.13598, 
2013_2: -3.48849, -3.94163, -3.07779, -4.46273, -2.34799, -1.5402, -3.3647, -3.45307, -3.36813, -1.23528, -3.38085, -3.86329, -3.48188, -2.82994, -0.910758, -2.43909, -2.86599, -3.17245, -3.57037, -5.92404, -2.54464, -2.60504, -2.09121, -3.4489, -1.2583, -3.38732, -2.36974, -3.0309, -3.51836, -2.93519, 
2008_5: -3.17013, -3.87894, -4.0886, -2.98298, -4.91215, -1.74871, -3.4548, -2.85181, -2.13913, -1.52377, -2.69851, -3.74767, -4.7451, -3.4831, -1.4175, -2.27718, -3.00428, -2.16389, -2.88366, -3.48237, -1.9684, -4.84818, -6.30746, -2.98529, -1.13824, -4.35876, -3.24856, -2.42125, -4.33873, -3.84043, 
2005_7: -2.90041, -2.67714, -3.2521, -3.62049, -2.60028, -2.76695, -2.75274, -3.06268, -2.22415, -1.25187, -5.26455, -3.01888, -3.65489, -2.87453, -0.632989, -2.36606, -5.18487, -2.68458, -3.1714, -2.81377, -2.9395, -3.26085, -2.138, -2.29107, -1.37551, -3.45649, -3.05498, -2.91394, -3.83182, -3.07592, 
2009_5: -3.1937, -4.02974, -5.53102, -6.96007, -2.07731, -1.86445, -2.60427, -3.29856, -1.87117, -1.15786, -2.82261, -3.55146, -4.21515, -3.94305, -0.95807, -1.98915, -3.2492, -3.70173, -4.0853, -3.95522, -1.71664, -3.51882, -1.31554, -4.42136, -1.78606, -4.1646, -3.3278, -3.72014, -3.85407, -3.5493, 
2002_2: -1.91705, -1.37726, -2.32664, -2.89209, -8.80261, -5.06585, -2.71371, -2.53681, -2.64932, -2.03434, -2.36536, -1.57114, -2.00873, -4.83221, -1.49404, -4.74568, -0.687604, -3.48229, -3.15807, -1.71075, -1.28943, -2.49516, -1.32905, -7.01808, -0.228126, -2.2402, -0.938767, -2.19161, -1.63271, -2.57463, 
2016_1: -3.79888, -3.7219, -1.76121, -3.21961, -2.53673, -2.09276, -3.41987, -3.33292, -3.28266, -3.23878, -4.1839, -5.8468, -3.21616, -3.06575, -1.71338, -3.06996, -3.62451, -2.76609, -3.95331, -2.58586, -2.32023, -1.91116, -1.83454, -2.73387, -6.1411, -2.86851, -2.18011, -3.02915, -4.04524, -2.44051, 
2010_0: -2.80853, -2.32134, -3.82176, -3.37544, -3.20896, -1.63814, -2.96571, -2.60712, -3.08933, -1.1628, -4.24427, -3.72477, -3.18514, -4.28736, -1.0726, -3.49693, -3.35036, -3.05195, -3.96838, -3.2161, -2.15556, -2.03472, -2.01052, -4.01189, -1.59685, -6.35391, -3.23513, -2.86376, -3.30594, -4.19448, 
2004_0: -2.51049, -2.48814, -3.19994, -2.64239, -3.59117, -0.902102, -2.53249, -2.04614, -3.24916, -1.63023, -2.81775, -2.79473, -2.08904, -1.87382, -2.13796, -1.90299, -3.42424, -1.67707, -2.91323, -2.61298, -0.697253, -2.49674, -1.89133, -1.74585, -0.627002, -4.24246, -1.99695, -2.43382, -2.94138, -2.13176, 
2000_6: -0.790026, -2.05005, -5.23203, -1.17553, -0.802784, -4.58202, -1.11833, -1.2516, -1.23975, -0.540537, -1.9804, -1.71006, -1.17207, -1.24226, -1.04706, 0.461224, -2.62155, -0.637082, -0.42513, -1.10129, -2.40481, -0.603347, -3.25661, 0.136078, -0.466997, -1.1966, -2.64338, -6.33725, -5.04024, -0.453658, 
2011_4: -3.35507, -3.96814, -4.2432, -3.49381, -1.76716, -2.06062, -3.61924, -4.81632, -2.47528, -0.939356, -3.39763, -3.40876, -3.94113, -3.19341, -2.03728, -1.86123, -2.9542, -2.14176, -2.899, -3.39928, -2.33958, -2.12456, -1.27836, -2.34791, -1.00642, -4.22659, -1.83285, -2.82896, -2.77838, -3.35081, 
2000_3: -7.06299, -2.32268, -1.11998, -0.455309, -0.0368765, -3.94776, -0.793339, -1.18401, -0.526, -3.10046, -8.2787, 0.113275, -7.45565, -0.0172606, -4.08354, 0.2726, -3.44563, -3.29116, -0.694743, -0.556594, -3.79146, -4.87729, 0.107796, 0.207654, 0.747953, -2.36393, -0.802533, -0.444469, -0.713703, -0.989891, 
2008_3: -3.35361, -3.16974, -3.31621, -3.89367, -2.38303, -1.92185, -3.33059, -2.6473, -3.6693, -1.18726, -3.70732, -3.66777, -3.62205, -3.9056, -1.20468, -1.71475, -2.7027, -3.62435, -3.49051, -3.30832, -2.582, -3.21941, -1.91847, -2.51831, -1.46656, -3.90521, -3.18286, -3.72445, -3.82866, -3.72502, 
2003_3: -7.53711, -2.21904, -2.85729, -3.22969, -1.77049, -1.39152, -2.36733, -2.62001, -9.65792, 0.115335, -2.55946, -2.0701, -2.98387, -1.7079, -1.04739, -2.89489, -2.48806, -3.13954, -1.92648, -2.51601, -2.09504, -1.63458, -1.82126, -1.91538, -2.28672, -2.60412, -1.37226, -2.82771, -2.76258, -3.64999, 
2004_4: -3.5328, -2.53132, -2.86917, -4.82122, -2.25203, -1.69226, -3.03708, -2.1219, -1.87245, -0.690326, -1.97942, -4.39082, -3.31094, -2.77815, -0.992378, -2.30923, -2.84804, -3.33216, -1.4929, -3.09665, -1.3682, -2.25454, -3.37177, -2.12502, -0.257507, -2.77141, -2.14214, -2.51519, -2.96582, -3.06784, 
2004_3: -3.10376, -2.40234, -3.28682, -3.10536, -1.96114, -1.35141, -3.21477, -2.2526, -2.32063, -1.24069, -2.64644, -2.60477, -2.95019, -2.78365, -1.77725, -2.23982, -2.84441, -2.38877, -3.53059, -3.67919, -5.88716, -2.48947, -2.55999, -2.78258, -0.713779, -3.48587, -3.44101, -2.4627, -2.47119, -5.15168, 
2006_0: -3.03001, -2.34213, -2.86739, -4.6955, -4.08955, -1.69347, -2.45595, -2.46812, -1.97277, -0.844267, -2.82664, -4.61704, -2.43081, -1.92181, -1.24273, -3.84754, -2.84089, -2.98051, -4.46531, -2.54838, -1.70288, -3.03572, -3.59948, -5.38302, -1.2577, -2.44475, -2.56098, -2.90658, -2.57925, -5.54934, 
2004_7: -2.85265, -1.99021, -2.9938, -3.55992, -2.51464, -1.78485, -3.46888, -2.38052, -2.17693, -0.823993, -3.43391, -4.80511, -3.3274, -2.38397, -0.362633, -2.63374, -2.51474, -3.21527, -2.42037, -3.03338, -1.70032, -2.13882, -1.75019, -2.14203, -1.01183, -2.62849, -2.86736, -2.06114, -2.50354, -2.79983, 
2007_5: -3.43882, -3.96071, -3.45201, -4.39694, -1.98305, -1.92199, -3.3905, -2.90751, -3.04356, -0.0322385, -2.69378, -5.84454, -3.70315, -3.39023, -1.69521, -3.31977, -3.60305, -3.31323, -2.26418, -4.48876, -2.27986, -2.77001, -2.96008, -2.88179, -1.3421, -3.27289, -3.54046, -3.15624, -2.80109, -4.02212, 
2014_8: -2.7089, -2.51641, -1.3282, -4.43642, -5.01538, -2.98928, -3.85277, -3.83104, -2.86658, -1.46373, -4.23642, -3.76655, -3.94289, -3.40651, -0.894739, -4.02058, -2.24214, -2.45597, -4.16, -2.71465, -2.11434, -4.01597, -2.22862, -3.63669, -1.24455, -3.92438, -1.33204, -2.74195, -4.1607, -2.64816, 
2013_5: -3.22908, -4.22228, -1.93046, -4.40197, -1.9807, -2.41352, -2.71668, -3.52431, -2.74281, -1.16277, -4.22675, -3.4122, -3.39137, -3.33436, -2.15083, -2.71909, -1.92669, -3.01178, -3.19604, -2.65618, -2.21538, -2.64871, -1.4442, -3.23953, -2.11198, -3.82938, -2.03998, -2.95696, -2.71921, -3.43301, 
2013_6: -3.8803, -2.5686, -3.08758, -4.82244, -2.57625, -2.34162, -3.58607, -3.93536, -3.22434, -1.00875, -3.24198, -4.65759, -4.0863, -3.5276, -1.28541, -2.63363, -3.91745, -3.32484, -4.03564, -2.299, -2.20903, -4.56343, -3.60953, -2.2647, -2.22351, -3.38695, -2.24867, -3.66753, -3.03325, -2.98242, 
2001_1: -2.95798, -1.62659, -2.24695, -2.35944, -1.69114, -1.41629, -2.42357, -1.85649, -3.1066, -1.67633, -2.26967, -1.54873, -3.21518, -2.18806, -6.52793, -6.28332, -1.975, -3.33749, -2.25567, -3.35775, -1.28265, -1.73183, -3.05328, -2.74171, -1.49249, -2.89952, -1.33079, -3.52556, -1.98976, -3.24975, 
2001_2: -2.45801, -1.05224, -3.71609, -1.27984, 0.345273, 0.709465, -0.992402, -3.45196, -0.895541, 0.306826, -0.676493, -5.86353, -1.17686, -1.38524, -3.00266, 1.51897, -1.14087, -5.38179, -0.404598, -1.04098, -3.70556, -1.91115, -0.311288, -0.75079, -0.377089, -6.68712, -1.73433, -5.40546, -0.98652, -1.08427, 
2010_4: -3.69319, -3.33683, -2.82492, -3.57367, -2.04026, -2.41815, -2.78045, -2.59776, -2.59408, -1.72336, -3.6878, -3.652, -3.49329, -2.80562, -1.24716, -2.63614, -4.79317, -4.16114, -4.18344, -2.7872, -2.23783, -2.81384, -1.99267, -2.6823, -1.23232, -3.76037, -1.7366, -4.07767, -2.29053, -2.9284, 
2007_7: -3.15737, -2.81475, -3.73434, -3.35288, -2.52812, -2.28962, -3.74326, -2.77827, -1.78469, -1.11248, -2.23943, -2.75009, -3.74606, -2.5535, -0.393451, -2.16218, -2.48432, -3.46645, -2.47947, -3.54635, -3.12142, -3.16273, -3.33054, -3.56557, -1.51596, -3.48869, -2.50107, -2.27018, -2.77664, -3.16006, 
2017_8: -1.81026, -5.91358, -2.41977, -3.45816, -3.32125, -3.0574, -3.23477, -3.54296, -5.67091, -0.699133, -2.4305, -3.38099, -4.84369, -3.16686, -0.958259, -3.29584, -2.87342, -2.40982, -3.13845, -4.41313, -2.19068, -3.6221, -2.16549, -2.88646, -1.88523, -2.37292, -2.30654, -2.58443, -3.45053, -0.639168, 
2009_7: -2.76937, -3.69622, -3.00468, -3.80395, -2.5464, -3.19871, -3.56203, -3.29954, -1.59552, -1.00058, -3.20259, -4.83213, -3.56997, -3.3687, -1.08874, -2.90588, -3.43227, -3.74725, -3.85036, -3.39733, -2.66339, -2.54235, -2.28579, -2.86307, -1.28865, -2.85489, -2.88431, -2.62204, -6.27396, -3.19425, 
2003_2: -2.756, -2.59451, -7.00474, -2.55573, -2.1574, -2.06183, -2.07788, -1.72532, -1.40585, -5.21338, -3.67351, -1.60658, -2.67712, -0.925091, -1.45076, -2.4373, -3.45059, -2.5571, -2.27377, -2.72982, -2.42684, -2.17579, -1.87863, -2.71518, -0.94842, -2.59881, -6.8878, -5.07467, -3.85847, -2.91592, 
2008_8: -3.80383, -3.75242, -3.84193, -4.32961, -2.85196, -2.7618, -4.05394, -4.38806, -1.2094, -1.03434, -2.12465, -3.73164, -3.1814, -3.57894, -1.53647, -3.36407, -2.87789, -3.67222, -3.87688, -3.31901, -4.0565, -5.50862, -3.00032, -2.26473, -1.59365, -4.08485, -2.92736, -3.19763, -3.29233, -3.38712, 
2006_5: -2.92298, -2.86055, -2.75108, -2.97777, -2.3673, -2.44723, -2.43225, -3.08907, -2.74181, -0.737124, -5.11024, -3.61625, -3.24111, -4.366, -0.526429, -2.36101, -2.5035, -3.03048, -3.05406, -3.05316, -2.29064, -2.70772, -3.0627, -3.6622, -1.87836, -3.31702, -2.67295, -3.70979, -3.01077, -3.48128, 
2009_2: -3.38128, -3.40313, -3.70472, -3.1429, -1.39522, -2.56764, -4.01095, -2.78352, -2.84445, -1.18648, -3.50043, -3.29878, -3.7147, -3.707, -1.18381, -2.76069, -3.7309, -2.26035, -3.29716, -3.66279, -2.94739, -3.60515, -2.72874, -3.77323, -0.863269, -3.16219, -3.29401, -2.20821, -3.2322, -3.42895, 
2011_0: -4.61076, -5.23604, -3.04975, -3.58439, -2.28676, -2.36592, -3.33707, -2.54228, -1.89319, -0.575264, -3.47122, -4.01747, -2.93461, -8.92715, -1.36529, -2.12073, -3.20525, -2.78783, -5.06669, -4.09512, -2.24205, -2.2944, -2.15465, -2.78688, -1.25294, -4.08534, -3.834, -3.06868, -3.44131, -3.805, 
2006_1: -3.12837, -3.26702, -3.37674, -5.90277, -2.94752, -1.71226, -3.47922, -2.82828, -1.9822, -1.76795, -3.41858, -2.55934, -3.42165, -3.40408, -1.61652, -2.91433, -3.50596, -3.53168, -2.54978, -3.51439, -2.46152, -2.60078, -1.66456, -3.44787, 0.0120679, -3.28208, -3.20866, -3.56764, -3.00746, -3.65481, 
2004_8: -3.04475, -2.79678, -3.46989, -3.3061, -2.846, -3.87402, -3.02368, -8.61977, -1.46915, -0.364937, -3.15009, -3.19677, -2.88856, -4.48728, -0.735977, -2.09806, -2.63248, -2.35715, -2.87497, -3.51905, -2.69028, -3.74528, -3.71003, -3.15143, -1.17033, -3.09909, -2.24002, -2.88964, -2.75158, -3.82024, 
2010_8: -4.0705, -4.15192, -3.80333, -7.13901, -4.83687, -3.26051, -3.5138, -3.24153, -1.81174, -0.670042, -2.62421, -3.87157, -3.5156, -4.55649, -1.24709, -2.6067, -2.96414, -3.06828, -3.93417, -3.27718, -2.59257, -3.33046, -3.23983, -2.3763, -2.94104, -3.6932, -2.07035, -3.47046, -2.59417, -3.14956, 
2013_1: -3.73169, -3.67305, -2.69363, -3.50907, -2.44737, -1.66642, -3.03469, -3.32571, -4.75086, -2.15299, -4.38069, -3.82216, -2.75599, -2.00152, -1.1484, -2.25128, -2.94799, -3.30751, -5.46766, -3.16876, -1.55941, -1.55883, -2.76909, -2.78708, -1.06838, -3.31138, -2.86871, -3.75785, -2.20242, -4.15709, 
2000_0: -1.2859, -2.75401, -2.62644, -1.18349, -0.21056, -5.24348, -1.3908, -0.987294, -9.78523, -0.396914, -2.17141, -0.869593, -0.47234, -0.536001, -1.21024, -0.428048, -1.59927, -1.17766, -5.70657, -2.41376, -0.986265, -0.317182, -0.897447, -1.44935, -0.0775487, -0.990972, -2.83164, -4.3544, -3.21193, -0.881624, 
2005_1: -2.71428, -2.78597, -2.94043, -3.052, -1.63816, -1.57322, -2.07245, -1.84869, -1.93649, -0.701067, -4.25571, -2.79191, -2.54732, -3.2446, -3.18443, -1.13118, -4.34475, -2.04517, -1.92588, -2.95511, -1.52323, -3.05938, -5.03544, -1.96186, -2.84568, -3.11516, -2.75169, -5.90917, -7.03926, -2.88341, 
2002_8: -2.06793, -3.85508, -2.21331, -2.2244, -3.59141, -2.25839, -2.47883, -2.82023, -1.84947, -2.284, -2.36303, -5.08442, -2.4304, -2.47845, -5.78054, -1.74348, -1.87262, -3.1018, -4.32644, -2.27439, -1.81853, -1.29554, -5.67697, -6.70691, -4.37838, -2.04592, -1.20072, -1.33485, -2.2824, -1.81631, 
2002_0: -2.5643, -6.32783, -6.50072, -2.42193, -1.39391, -1.34173, -1.77246, -5.28894, -5.96626, -1.74666, -4.64244, -2.12617, -2.36434, -2.49772, -0.842337, -5.16614, -2.55678, -2.2909, -0.999595, -4.76057, -0.633701, -1.86843, -2.2783, -1.68597, 0.277779, -2.4214, -2.58508, -2.69653, -2.24171, -5.35997, 
2010_3: -3.99496, -3.22176, -3.18473, -3.77379, -1.94121, -2.47471, -3.56673, -3.85666, -2.44797, -1.12826, -3.09492, -3.67235, -3.63642, -3.33704, -0.84653, -3.04177, -3.82259, -3.71913, -3.50229, -3.97865, -1.43975, -2.76047, -1.73656, -3.14059, -1.0041, -3.13639, -2.16193, -3.38128, -2.36868, -3.65628, 
2002_7: -1.61007, -3.04695, -1.70132, -9.10791, -1.30921, -1.76135, -1.66541, -2.85201, -4.55006, -5.42243, -1.39442, -1.90033, -0.549804, -1.62176, -0.529078, -5.21391, -1.50315, -2.38523, -2.13808, -1.42383, -1.69734, -6.65633, -0.330188, -0.468182, -0.226425, -1.0414, -0.500249, -1.65861, -1.47148, -1.85865, 
2006_3: -3.2445, -2.72109, -3.48465, -3.3416, -2.3284, -1.6069, -2.84363, -2.51791, -3.00527, -1.03329, -2.69742, -2.8164, -3.28856, -3.43261, -0.618828, -3.1111, -2.6722, -3.12414, -2.74461, -2.45113, -2.93139, -2.05729, -1.19764, -2.69499, -1.17792, -2.7976, -2.11678, -3.02706, -2.24227, -4.37144, 
2006_8: -2.53258, -3.02888, -2.92764, -2.74158, -2.79417, -2.41156, -3.33401, -3.80861, -2.86172, -0.680547, -2.73548, -3.17815, -3.4146, -2.76851, -1.08881, -3.0667, -2.57927, -3.23957, -3.9272, -5.32239, -2.7004, -2.57585, -1.63952, -2.04235, -1.15474, -6.12125, -1.43165, -2.70839, -2.91262, -2.61775, 
2001_5: -1.59465, -1.06986, -4.74176, -2.01135, -2.4057, -1.05271, -5.28167, -5.0762, -1.47028, -1.67235, -2.8143, -1.37551, -1.741, -0.790908, -0.698501, -0.412225, -3.65533, -1.32461, -1.8568, -1.58902, -3.26753, -1.52565, -0.848291, -0.558153, -1.05837, -1.82608, -1.69775, -1.29423, -3.79637, -1.41078, 
2007_1: -2.92004, -3.51038, -2.83067, -3.63356, -2.77754, -2.36276, -3.14215, -2.92342, -2.99389, -0.40823, -3.07944, -2.4819, -3.41782, -2.81267, -1.01755, -5.97761, -3.09362, -3.37116, -2.97682, -2.71145, -2.43011, -1.9611, -2.11675, -2.15748, -0.492032, -2.99952, -1.70968, -3.85312, -2.54065, -3.28093, 
2002_4: -1.91053, -2.88804, -1.34529, -1.70633, -2.91045, -2.46343, -1.5461, -1.4069, -1.53103, -0.634726, -1.98714, -3.50028, -1.29669, -0.900476, -1.34367, -0.666385, -1.15679, -1.46507, -1.46491, -1.89566, -0.375491, -1.58231, -0.477784, -1.24696, -3.8506, -3.32995, -1.92726, -1.49447, -1.65384, -1.3821, 
2006_6: -3.20362, -7.29496, -3.61631, -9.79584, -3.06008, -1.76375, -2.91512, -9.27772, -2.26202, -1.42661, -2.83395, -3.24552, -3.08594, -2.47768, -0.594872, -2.00779, -2.93565, -3.2464, -2.31111, -3.33306, -2.46271, -2.93906, -2.00265, -2.25256, -1.56937, -3.7038, -1.35957, -1.98373, -3.13092, -3.5076, 
2007_4: -3.56085, -4.19269, -3.67651, -3.8784, -2.72717, -2.65619, -3.4912, -2.85412, -2.77242, -1.18876, -3.42557, -2.34969, -3.50598, -2.27263, -1.53642, -2.51918, -2.84867, -2.80282, -3.00061, -3.1994, -3.01518, -2.01709, -2.38747, -2.89559, -0.260727, -3.15762, -2.62979, -1.43452, -2.91015, -3.91833, 
2005_4: -3.01686, -3.14001, -2.99421, -3.52184, -2.25954, -1.0801, -3.17926, -2.39112, -6.76345, -0.856581, -3.1451, -2.39378, -2.7884, -2.53181, -0.76777, -1.71018, -3.99834, -2.26555, -3.5623, -3.06629, -2.62538, -1.85219, -2.51374, -1.93309, -0.913668, -1.83358, -2.75103, -3.36018, -3.95032, -2.75635, 
2000_4: -1.5536, -4.34762, -1.21008, -1.52564, -3.58006, -1.27753, -0.433301, -3.8298, -0.966944, -0.780898, -1.65508, 0.130185, -0.650533, -0.391501, 0.0716051, -0.250466, -1.74191, -1.43163, -0.632859, -6.4399, -0.647629, -0.607237, -0.575735, -2.05025, -1.4915, -1.61558, -0.527701, -1.09747, -0.850265, -1.88726, 
2001_3: -1.3307, -0.983351, -1.56794, -6.9867, -3.26815, -0.777615, -0.915585, -1.89614, -2.31707, -0.938669, -1.75381, -4.8423, -1.3273, -1.70508, -0.26712, -0.949337, -1.09813, -5.71753, -4.57772, -1.17771, 0.0148674, -0.608404, -1.22828, -8.06769, -0.748547, -6.18355, -4.99844, -0.954476, -1.51707, -1.70888, 
2004_1: -2.38471, -2.05422, -3.72757, -2.81807, -2.35835, -1.72504, -2.17357, -1.81663, -2.16463, -0.820074, -2.85828, -1.92224, -3.55349, -2.12657, -3.02145, -2.63782, -2.70619, -2.34788, -1.83257, -2.43402, -1.21744, -1.82669, -6.71392, -2.8255, -0.87927, -6.44772, -4.11095, -5.27161, -2.00819, -2.42036, 
2006_4: -3.58637, -3.33488, -3.11677, -4.02218, -3.2043, -0.901537, -3.46644, -2.4767, -2.05029, -1.52799, -3.90222, -2.89625, -3.51762, -2.28335, -1.97409, -2.05319, -3.10628, -2.95294, -2.7458, -4.09013, -2.90193, -3.07667, -2.65616, -2.84033, -1.17445, -3.33897, -3.14564, -2.65656, -2.41203, -3.32263, 
2003_5: -2.46733, -1.27499, -2.20235, -2.92707, -1.75414, -0.478702, -5.74666, -1.36751, -3.5899, -0.80574, -2.23326, -3.26594, -5.23257, -2.60404, -0.591086, -0.757216, -1.93404, -3.96176, -7.43252, -5.75705, -0.710708, -1.00957, -1.98634, -1.6466, -0.221488, -1.25761, -1.66761, -0.86165, -2.18549, -2.82376, 
2006_2: -4.02392, -2.95892, -4.42874, -3.33284, -3.46027, -1.75645, -2.71383, -1.67249, -2.17396, -0.822104, -2.23975, -2.10823, -2.41031, -2.4983, -0.762997, -0.929687, -3.41945, -2.49588, -2.58993, -3.24057, -1.58126, -2.41551, -3.1578, -2.1941, -0.677689, -3.63104, -4.11688, -2.62964, -2.31723, -3.3294, 
2003_0: -1.97209, -2.76956, -2.63435, -1.60805, -1.52966, -1.61229, -4.02815, -0.592027, -1.85023, -1.72996, -1.82697, -1.52592, -2.61943, -1.4955, -1.74244, -1.38441, -4.24632, -1.8157, -4.57863, -2.14802, -2.04367, -2.28466, -1.86163, -2.12637, -1.08663, -2.02323, -2.60456, -1.64691, -3.6493, -6.54667, 
2001_8: -9.80751, -3.01548, -5.30138, -4.96214, -1.72288, -1.08407, -1.65301, -0.874163, -0.877342, -0.756488, -2.01395, -0.33601, -3.75593, -2.58516, -2.54772, -1.77507, -5.14057, -0.933372, -3.67124, -1.43704, -3.55766, -1.74131, -2.52907, -0.826027, 0.164947, -6.18684, -1.84195, -1.89906, -1.99348, -6.57388, 
2000_5: -1.06788, -2.27516, -0.92018, -1.1837, -3.46402, -1.29461, -3.85127, -2.18966, -3.98664, -3.11559, -5.23471, -1.29518, -1.171, -5.07667, -1.21825, -4.13557, -5.46415, -0.629362, -0.827751, -1.80944, -0.913993, -0.530729, -1.69393, -4.91447, -0.654779, -1.23731, -3.03338, -4.04146, -4.27356, -0.976939, 
2005_8: -2.98192, -2.85626, -3.67337, -4.11402, -3.50001, -2.89758, -3.48522, -3.21345, -1.4782, -0.411861, -2.80897, -5.5886, -3.28348, -3.19552, -1.20676, -3.01433, -2.31955, -2.98719, -3.43123, -2.95503, -3.33127, -2.52493, -2.21783, -1.68434, -2.9933, -7.41505, -2.6219, -4.03336, -3.13113, -3.72712, 
2001_4: -2.29932, -0.911333, -1.28752, -1.69085, -1.02428, -4.07873, -4.25226, -2.03988, -2.44422, -1.62955, -1.09876, -1.14846, -0.30978, -6.2119, -0.405008, 0.220614, -0.854327, -1.13728, 0.384506, -7.99776, -2.19968, -0.972525, -0.296478, -5.9453, -0.59482, -0.718147, -1.30605, -1.55952, -0.665286, -1.45481, 
2000_2: -4.39716, -2.3547, -5.79482, -1.22166, -1.02594, -0.643007, -2.19647, -0.820096, -3.56593, -0.0252892, -1.13262, -0.933797, -1.24664, -3.31435, -1.16653, -4.27214, -1.22832, -1.89203, -0.831617, -0.818174, -2.54128, -1.16132, -2.90869, -0.670454, -2.44806, -3.40774, -1.1007, -1.46411, -1.29728, -5.51755, 
2003_4: -2.27168, -2.35256, -2.93185, -2.65496, -1.70676, -1.39302, -1.85771, -1.63312, -4.08698, -2.38109, -2.52492, -2.6869, -2.46132, -1.97128, -1.18042, -1.80786, -1.84307, -2.13282, -4.68944, -4.22168, -2.11668, -2.52943, -2.06123, -1.99616, -0.527991, -2.22605, -1.93197, -4.0885, -2.32703, -2.64648, 
2000_8: -2.72613, -1.56154, 0.125408, -0.869527, -6.49455, 0.747739, 0.125533, -1.15323, -0.442291, 1.54593, -2.23812, -0.145773, -3.01829, -2.66274, 1.19627, -1.09903, 1.03379, 0.182645, -2.35368, -0.549769, 0.85889, 0.568188, -0.336908, -0.0632749, 2.16649, -0.311518, -7.54056, -4.92741, -0.600239, -0.703603, 
2001_6: -1.64468, -2.60937, -1.84175, -0.812914, -1.88471, -1.27624, -1.22356, -1.10578, -1.47082, -0.873498, -3.05288, -8.17973, -1.93782, -1.03158, -1.96883, -0.864185, -3.7826, -0.789368, -1.75876, -4.37342, -4.52115, -0.92654, -1.45483, -0.98486, -1.06197, -3.22608, -1.13646, -1.36742, -1.53082, -2.00445, 
2001_0: -5.6101, -1.33104, -1.60055, -4.31167, -3.52078, -0.252176, -1.29727, -1.4749, -1.15868, -2.01639, -6.40704, -0.542398, -1.42444, -1.10478, -2.69234, -6.70141, -6.04761, -1.57111, -2.08733, -5.62289, -3.18147, -5.7184, -1.58323, -0.83785, -0.479451, -1.17105, -1.42669, -2.27949, -4.15271, -1.0526, 
2002_3: -2.02985, -1.85966, -2.15295, -1.95374, -0.148219, -0.59559, -0.885885, -1.75226, -1.29838, -1.78255, -2.43524, -0.856526, -2.59583, -1.87479, -0.632367, -1.03674, -2.04298, -1.95699, -1.09786, -2.42436, -1.79628, -4.45907, -2.65642, -1.76797, -2.93968, -1.66727, -1.95952, -3.04287, -1.70721, -1.9307, 
2001_7: -2.64708, -1.28435, -5.74839, -1.98359, -1.63961, -0.140487, -1.79136, -2.40109, -1.00538, -1.07928, -3.7569, -4.87431, -1.54738, -6.81891, -0.52399, -1.17729, -4.38634, -5.48267, -1.2356, -4.72142, -0.728306, -1.52208, -4.73181, -3.93737, -1.1446, -2.19519, -1.27503, -6.11431, -3.44572, -5.63783, 
2000_7: -2.80103, -1.10466, -1.44644, -0.901488, -3.38003, -1.47641, -0.0197283, -0.316538, -2.09923, -2.08911, -0.869291, -1.44691, -2.1082, -1.12397, -0.563826, -4.09821, -1.10556, -0.188829, -1.94511, -0.499876, -3.46411, -2.00533, -0.0820622, -3.32966, -0.477118, -0.815314, -0.465714, -0.906207, -0.936061, -1.14416, 
2002_5: -1.54723, -5.53524, -2.07288, -1.29159, -1.86703, -0.771508, -0.976234, -1.31542, -1.62824, -1.59466, -1.34273, -3.88776, -5.38051, -3.68019, -1.55246, -1.82301, -1.12536, -3.76747, -1.37185, -1.47519, -0.737754, -1.02682, -2.40228, -1.07803, -0.581698, -2.64032, -1.15327, -1.86804, -1.85051, -3.74691, 
2002_1: -3.82099, -0.609176, -4.04851, -0.329678, -0.534938, -4.9939, -3.25566, -1.01823, -0.756078, -2.84274, -2.44712, -3.7925, -0.983723, -0.128649, -0.606692, -3.95869, -2.0788, -1.70732, -0.975904, -3.10696, -1.00156, -0.963014, 0.158895, -0.777431, -2.56669, -1.38534, -0.406851, -0.953924, -1.36944, -1.21899, 
2000_1: -7.1042, -0.33412, -1.30898, -0.761548, 0.633267, -2.61677, -0.26529, -0.0376638, -1.53512, -0.0451542, -2.67912, 0.724564, 0.0148823, 0.123871, 0.444997, -0.919811, -0.149364, -0.563282, 0.293612, -0.558772, 0.219339, 0.589126, 0.0633729, 0.0150484, 0.842141, -0.793974, -1.49204, -0.910257, -0.72936, -2.22547, 

== Topic 0 == (22130) 
	review	0.0845	1871
	product	0.0637	1409
	custom	0.0386	855
	onlin	0.028	620
	consum	0.0236	522
== Topic 1 == (20098) 
	technolog	0.0605	1216
	patent	0.0554	1113
	analysi	0.0309	620
	busi	0.0184	369
	identifi	0.0149	299
== Topic 2 == (35049) 
	social	0.0781	2739
	network	0.0432	1515
	media	0.037	1297
	user	0.0321	1126
	twitter	0.0271	950
== Topic 3 == (13668) 
	region	0.0133	182
	chines	0.0106	145
	histor	0.00977	133
	music	0.00926	127
	cultur	0.00926	127
== Topic 4 == (33619) 
	languag	0.0474	1595
	extract	0.0293	986
	annot	0.0238	799
	corpu	0.0218	734
	relat	0.0187	628
== Topic 5 == (37049) 
	semant	0.0636	2356
	concept	0.0516	1910
	ontolog	0.0496	1839
	knowledg	0.0413	1529
	domain	0.0219	812
== Topic 6 == (17129) 
	imag	0.106	1817
	visual	0.0555	951
	video	0.0288	492
	retriev	0.0197	337
	featur	0.0163	279
== Topic 7 == (16771) 
	web	0.194	3255
	page	0.0608	1019
	content	0.0356	597
	site	0.024	402
	user	0.0192	322
== Topic 8 == (46709) 
	biomed	0.0357	1667
	literatur	0.0344	1605
	gene	0.0263	1229
	annot	0.0254	1185
	databas	0.0223	1041
== Topic 9 == (105423) 
	applic	0.0117	1229
	provid	0.0115	1213
	new	0.00922	972
	techniqu	0.00902	951
	develop	0.00798	841
== Topic 10 == (41235) 
	gene	0.0404	1667
	network	0.0198	816
	diseas	0.0163	670
	drug	0.0141	582
	protein	0.0139	575
== Topic 11 == (11354) 
	associ	0.0918	1043
	rule	0.0814	924
	extract	0.0253	287
	fuzzi	0.0218	248
	set	0.0189	215
== Topic 12 == (14847) 
	user	0.0458	680
	recommend	0.0353	524
	detect	0.028	416
	person	0.0252	374
	email	0.0202	300
== Topic 13 == (18600) 
	search	0.096	1786
	queri	0.0719	1337
	retriev	0.0502	934
	user	0.0367	683
	engin	0.0267	496
== Topic 14 == (100377) 
	result	0.017	1702
	perform	0.0145	1454
	evalu	0.0135	1352
	differ	0.0126	1262
	compar	0.0104	1043
== Topic 15 == (26387) 
	cluster	0.141	3710
	document	0.0816	2152
	similar	0.0471	1243
	algorithm	0.0371	980
	measur	0.0208	550
== Topic 16 == (23983) 
	model	0.14	3351
	topic	0.118	2832
	latent	0.0228	547
	document	0.0209	502
	probabilist	0.014	336
== Topic 17 == (28743) 
	analysi	0.0257	739
	articl	0.0222	640
	public	0.0165	474
	paper	0.0156	450
	scientif	0.0149	429
== Topic 18 == (14461) 
	pattern	0.0727	1052
	sequenc	0.0289	418
	algorithm	0.0264	382
	discoveri	0.0227	328
	problem	0.0192	278
== Topic 19 == (36057) 
	medic	0.0358	1290
	clinic	0.0354	1277
	patient	0.0257	925
	report	0.0221	798
	health	0.0218	785
== Topic 20 == (40595) 
	system	0.0323	1313
	softwar	0.0229	928
	develop	0.0209	848
	servic	0.0201	815
	tool	0.0195	790
== Topic 21 == (28831) 
	word	0.08	2305
	document	0.0534	1539
	term	0.0454	1310
	extract	0.0195	562
	keyword	0.0194	559
== Topic 22 == (47778) 
	classif	0.0733	3502
	featur	0.0676	3231
	classifi	0.0471	2251
	select	0.0227	1086
	algorithm	0.0219	1049
== Topic 23 == (28275) 
	algorithm	0.0297	840
	analysi	0.0145	410
	comput	0.0145	409
	matrix	0.0141	400
	space	0.0135	383
== Topic 24 == (77571) 
	process	0.0278	2153
	system	0.0265	2053
	extract	0.0248	1923
	document	0.0232	1800
	knowledg	0.023	1787
== Topic 25 == (19056) 
	predict	0.0299	569
	market	0.0228	435
	financi	0.0205	390
	report	0.0193	367
	news	0.0183	348
== Topic 26 == (36178) 
	learn	0.0713	2580
	label	0.0286	1034
	train	0.022	795
	model	0.0217	786
	domain	0.0204	737
== Topic 27 == (28320) 
	entiti	0.0607	1718
	name	0.0443	1254
	extract	0.0434	1229
	system	0.0369	1045
	task	0.0288	816
== Topic 28 == (18307) 
	event	0.0843	1544
	news	0.0442	809
	detect	0.0355	650
	tempor	0.0278	510
	stream	0.0276	506
== Topic 29 == (30738) 
	sentiment	0.136	4195
	analysi	0.0743	2282
	opinion	0.0573	1761
	emot	0.0242	744
	polar	0.0205	631
