== Parameters ==
2009_0: -1.87092, -2.96532, -3.29893, -2.70149, -2.69077, -2.95792, -3.95718, -2.89372, -3.05794, -3.40314, -2.86469, -3.73501, -4.75487, -3.65324, -2.50208, -3.14541, -3.89337, -3.70061, -4.12803, -3.91819, -2.72103, -2.94954, -3.2683, -3.78588, -3.58609, -3.67764, -4.06362, -4.19499, -3.03438, -3.83467, -2.46453, -3.66973, -3.26605, -2.67966, -1.98031, -2.01468, -4.52991, -2.52727, -4.68449, -3.63373, 
2005_0: -1.97374, -3.15164, -3.2299, -2.5575, -1.94888, -2.69799, -3.75156, -2.8267, -3.15355, -2.59828, -3.06096, -3.92331, -4.04603, -2.876, -2.26597, -3.52956, -4.1402, -3.41092, -3.86473, -3.49579, -3.09823, -3.39771, -3.68098, -3.24756, -3.61508, -7.71195, -3.9004, -3.51403, -3.01272, -4.04345, -2.39925, -3.93862, -3.49958, -4.4888, -1.71516, -2.03087, -4.25151, -2.34683, -5.07358, -4.17707, 
2004_0: -1.27234, -3.14863, -3.40233, -2.64027, -2.12559, -3.2765, -3.56975, -2.50179, -2.93174, -2.53245, -2.90695, -3.67778, -3.98577, -2.88727, -3.40797, -3.50868, -3.70348, -3.3675, -3.49848, -4.36437, -3.13746, -3.24296, -3.53089, -10.5319, -3.62581, -3.60976, -3.56215, -3.76435, -3.82873, -3.32716, -3.43423, -3.64318, -2.97104, -2.33403, -1.7284, -1.98221, -4.06106, -2.31863, -3.84082, -3.34531, 
2005_2: -2.50547, -3.98386, -3.5279, -3.90939, -3.98879, -2.37834, -3.6077, -8.80835, -3.75089, -2.90825, -6.29599, -4.08005, -3.05042, -3.75762, -2.67024, -3.91008, -4.06791, -3.76085, -3.46374, -5.01738, -2.99571, -3.49407, -4.24561, -3.10472, -3.41163, -4.01236, -4.45751, -3.28451, -3.25648, -7.39985, -2.51198, -3.68233, -4.49137, -6.11978, -2.87396, -3.62776, -4.02469, -2.93499, -3.55629, -3.29238, 
2011_0: -2.16604, -3.43202, -3.24281, -2.57336, -2.87231, -3.02844, -2.74329, -2.91615, -3.20211, -2.88839, -3.78171, -5.11812, -4.39341, -2.76766, -2.45293, -3.3739, -8.54068, -3.30519, -3.93036, -3.36604, -2.72868, -2.9053, -3.38159, -3.94324, -3.65875, -3.83992, -4.27085, -4.52404, -2.52826, -3.74481, -2.45724, -3.91493, -3.46619, -2.4842, -1.86372, -2.08565, -4.50456, -2.36627, -3.8734, -3.02141, 
2012_2: -2.74932, -3.72594, -3.60272, -3.75659, -4.46457, -2.15115, -3.76172, -4.45292, -3.72861, -3.2774, -3.66928, -4.19069, -3.29909, -3.81579, -2.90157, -5.50693, -8.02824, -3.47908, -2.86207, -4.3615, -2.57285, -2.91649, -4.53315, -3.35922, -3.21255, -3.12338, -3.96472, -4.76429, -3.09928, -3.31092, -2.69203, -16.2866, -4.197, -3.71158, -1.65568, -3.70694, -3.75199, -3.10624, -3.30857, -3.293, 
1998_1: -1.7296, -3.17045, -3.21405, -2.23792, -5.16327, -2.60194, -3.49307, -3.34835, -3.02296, -2.89629, -3.18768, -3.6153, -3.39102, -2.84885, -2.35722, -3.62717, -3.53406, -3.44825, -3.83756, -3.70125, -2.63121, -2.89702, -3.29812, -3.29662, -4.81879, -5.6381, -3.58304, -3.05031, -3.00571, -3.73656, -2.39224, -3.54593, -3.55277, -2.92992, -1.61285, -2.58999, -5.00882, -3.42012, -3.69683, -3.40996, 
2014_0: -2.1454, -3.80763, -3.41254, -2.7584, -3.20917, -2.6113, -2.97159, -3.46465, -3.49242, -3.03665, -3.0039, -3.60376, -4.04817, -3.26721, -2.72023, -8.00998, -3.31063, -4.54997, -3.34541, -3.57839, -2.55034, -3.18633, -3.65504, -3.90049, -2.57944, -3.23253, -4.47595, -4.40757, -2.71659, -4.03996, -2.41722, -3.78742, -3.4685, -2.80328, -1.97799, -2.45333, -4.75299, -2.58912, -4.8728, -3.15831, 
2007_2: -2.82751, -3.69436, -3.48255, -4.04978, -4.19262, -2.05245, -4.09975, -4.65167, -3.60689, -3.26033, -3.58194, -4.19379, -3.29288, -3.90214, -2.79581, -4.39421, -4.35103, -3.97446, -3.13783, -4.62618, -3.20125, -2.73106, -4.1801, -3.19851, -3.52512, -3.71346, -4.12054, -3.53768, -2.7844, -3.59089, -2.51308, -3.98082, -4.45705, -4.07994, -2.0223, -3.88939, -4.42242, -3.03318, -3.3436, -4.06691, 
2016_0: -2.21233, -3.85277, -4.5617, -3.7692, -3.69639, -2.31173, -3.6184, -3.21939, -3.68618, -2.64813, -3.25974, -3.68307, -3.80442, -3.41691, -2.635, -4.70516, -3.28436, -3.29893, -2.75032, -3.77061, -2.38645, -2.90452, -4.10686, -3.64082, -2.73472, -2.87486, -4.20303, -4.00437, -2.59897, -3.74586, -2.23792, -3.45783, -3.41715, -2.71278, -1.73898, -2.46337, -4.53449, -2.47899, -3.83781, -3.65146, 
2012_0: -2.1622, -3.44045, -3.6502, -2.93628, -3.01678, -2.39486, -2.81768, -3.16214, -3.26932, -3.17855, -3.63199, -3.57684, -4.44066, -3.15401, -2.33119, -3.34261, -3.55468, -3.37134, -4.22852, -3.7587, -2.65265, -3.33133, -3.40369, -3.73024, -3.34669, -3.39322, -4.00298, -4.27825, -2.94795, -3.86633, -2.5507, -3.5192, -3.62469, -2.88623, -2.19933, -2.41015, -4.29864, -2.91213, -4.78938, -3.00333, 
2015_0: -2.18986, -3.74048, -3.45206, -2.92927, -3.24126, -2.60121, -2.97023, -3.04285, -3.35686, -2.50086, -3.55588, -3.07978, -4.53469, -2.7383, -2.52519, -3.32728, -2.98726, -3.06772, -3.37045, -3.65157, -2.42124, -2.7115, -3.19611, -4.33583, -3.38969, -3.04412, -4.17763, -4.6303, -2.46436, -4.20007, -2.53545, -3.68975, -3.2701, -2.63767, -1.74069, -2.01896, -4.29598, -2.29498, -4.04689, -3.9192, 
2009_2: -2.84115, -3.8216, -3.912, -3.79889, -4.9757, -4.42707, -4.10282, -4.43537, -3.75102, -3.25274, -3.47634, -13.8073, -3.09555, -4.02158, -2.805, -4.47444, -4.23875, -3.90403, -2.92761, -4.52697, -2.5817, -2.69188, -7.36594, -3.06712, -3.14415, -3.52717, -4.22511, -4.88512, -3.02608, -3.6252, -2.70873, -4.3741, -4.24517, -3.89509, -2.38282, -3.89356, -4.57644, -2.88187, -3.11518, -3.49417, 
2009_1: -2.41904, -3.33399, -3.19837, -3.02925, -3.27386, -2.40174, -3.71628, -3.48879, -3.66041, -2.87995, -3.18906, -3.86429, -4.07824, -3.30754, -2.64197, -3.96933, -4.47744, -5.2287, -3.6042, -4.32122, -2.83256, -2.9749, -4.18958, -3.60448, -3.11209, -3.95246, -4.34023, -4.03304, -3.45784, -4.3498, -2.67062, -3.68253, -3.90825, -2.67902, -1.88031, -2.6864, -4.10493, -2.43814, -3.71106, -3.73482, 
2007_0: -4.30504, -3.35265, -3.39403, -2.68982, -2.34597, -2.86059, -3.61838, -3.36219, -3.1279, -3.77142, -3.58483, -3.5493, -4.90966, -3.1509, -2.53378, -2.5758, -3.78589, -3.89938, -4.72624, -3.62221, -2.75637, -3.67132, -3.80081, -3.61642, -3.76405, -3.81511, -3.85494, -3.63185, -3.19658, -3.8022, -2.09381, -3.97702, -3.92676, -2.88238, -1.98519, -2.14142, -4.5046, -2.54899, -4.33522, -3.41017, 
2008_2: -2.86956, -3.59504, -3.39611, -4.25281, -4.93202, -2.18113, -4.03679, -4.26238, -4.04898, -3.21743, -3.61891, -4.34933, -3.23851, -3.94602, -3.55656, -4.32138, -4.34203, -3.8831, -3.15129, -4.51122, -2.75769, -2.8967, -4.11212, -3.10283, -3.83276, -3.83615, -4.23282, -3.43748, -3.03861, -3.50358, -2.49405, -4.30236, -4.20391, -4.0324, -2.39616, -3.49347, -4.07214, -2.95031, -3.30285, -3.84906, 
2008_0: -1.62719, -3.14931, -3.07261, -2.53232, -2.3198, -3.56673, -3.42943, -3.1473, -3.08659, -3.01153, -3.53149, -3.22421, -4.0419, -3.11166, -2.30406, -3.64851, -5.62772, -3.51771, -4.22203, -3.62364, -2.84843, -2.69288, -3.8894, -3.64037, -3.71152, -5.17482, -4.08429, -3.93414, -3.35797, -3.70511, -2.44697, -3.97349, -3.90392, -2.51539, -1.94294, -2.27971, -4.76896, -2.37062, -4.44209, -3.77374, 
2012_1: -2.51673, -3.99847, -3.53869, -3.2594, -3.09426, -2.49198, -3.51643, -3.5014, -3.70181, -3.1071, -3.5062, -3.76704, -4.02103, -3.39906, -2.49091, -3.71925, -3.60577, -3.48018, -3.51067, -4.07756, -2.75686, -2.97159, -3.42112, -3.73623, -3.03463, -3.43072, -3.97217, -3.60754, -3.11353, -4.03945, -2.53928, -3.99965, -3.97052, -3.22869, -2.1918, -3.22982, -4.17627, -2.76098, -4.16056, -3.57375, 
2016_1: -2.50777, -3.94588, -3.57549, -3.74106, -4.43806, -7.40411, -3.73409, -3.99552, -4.15542, -2.75537, -3.03273, -4.02586, -4.34778, -3.50401, -2.86046, -4.14391, -2.88115, -3.13475, -2.78875, -4.15746, -2.66678, -2.93635, -5.53008, -3.45299, -2.76201, -2.71727, -3.42475, -3.959, -2.81325, -3.93344, -2.64184, -3.6211, -3.50124, -3.07529, -3.32191, -3.67499, -3.87367, -2.68011, -3.79761, -3.43614, 
2016_2: -2.57096, -3.64974, -3.86463, -4.28733, -4.80801, -2.15854, -2.9252, -4.06197, -3.46951, -3.18286, -3.20846, -3.96873, -3.47583, -3.72709, -2.76684, -4.11601, -2.69137, -3.6249, -2.65205, -4.05846, -2.72394, -2.81113, -3.94924, -3.2773, -2.56925, -2.68776, -3.38284, -3.66517, -3.21073, -3.50206, -2.54784, -3.20384, -4.01072, -4.13101, -4.13835, -3.93167, -3.46014, -3.41076, -3.31395, -6.62344, 
2006_1: -2.40255, -3.50154, -3.28668, -2.95775, -2.9144, -2.62686, -3.4704, -3.51832, -3.73542, -3.47751, -3.55104, -3.96775, -4.12336, -3.47708, -2.73349, -3.61823, -3.95338, -3.8004, -4.26125, -4.67049, -2.8738, -3.13567, -4.05636, -3.3689, -3.65558, -4.38001, -4.07148, -3.60795, -3.25819, -4.53662, -2.52435, -3.81229, -3.7526, -2.9983, -2.13223, -8.3393, -4.24241, -2.88454, -4.40568, -3.55681, 
2006_2: -2.76692, -3.69808, -3.86763, -3.86027, -4.26642, -2.42692, -3.42403, -5.21247, -4.49824, -3.44721, -4.05615, -6.50348, -3.20277, -8.93421, -2.74805, -4.3678, -4.99911, -3.83725, -3.46543, -4.64415, -3.10922, -2.87439, -4.14364, -3.08517, -5.76503, -4.64596, -11.5505, -3.49671, -3.07595, -3.57178, -2.86341, -4.20874, -4.47465, -4.21887, -2.11388, -3.87993, -3.65342, -3.05483, -3.19934, -3.76823, 
2010_2: -2.70697, -3.72211, -3.82121, -3.80243, -4.40412, -2.83347, -3.75847, -4.58375, -3.84775, -3.11093, -3.44537, -4.69548, -3.28586, -4.03907, -2.62448, -4.93926, -3.96116, -4.333, -3.16702, -5.11644, -2.7446, -2.83954, -4.09626, -2.88843, -2.93276, -3.42134, -4.09717, -3.37299, -3.02392, -3.42054, -2.76718, -4.13464, -4.15583, -3.41683, -2.01994, -3.36235, -3.91333, -3.24915, -3.55859, -3.41592, 
2013_1: -2.47649, -3.72295, -3.54307, -3.26785, -3.93202, -2.33877, -3.79424, -3.71219, -3.64447, -2.83498, -3.15877, -4.43924, -3.81712, -4.13044, -2.89899, -4.20712, -3.69883, -3.41824, -3.44144, -4.43888, -2.97198, -2.87237, -4.05362, -7.37753, -2.96969, -3.15465, -3.8614, -3.6481, -2.77965, -3.89508, -2.5874, -3.79759, -3.74063, -2.90092, -1.30317, -2.63362, -3.71674, -2.85116, -3.97657, -3.6034, 
1998_2: -1.86529, -3.42237, -2.9648, -3.53544, -3.20018, -2.41896, -3.18088, -3.58185, -3.55954, -2.80012, -3.2201, -3.57975, -2.89058, -3.42075, -2.3066, -3.48022, -4.17155, -3.71401, -2.92055, -3.51307, -2.72019, -2.52407, -3.32365, -2.45065, -2.90673, -3.54477, -3.34132, -2.57992, -3.11937, -3.41353, -2.26273, -3.32691, -3.69207, -3.25436, -1.76781, -4.03739, -3.80009, -3.27873, -3.89023, -3.27606, 
1997_2: -2.32785, -3.77758, -2.78004, -3.15431, -3.31172, -2.3418, -3.39986, -5.12626, -5.89714, -3.23057, -3.31163, -4.19378, -3.34519, -5.17082, -2.15347, -3.72004, -4.12569, -3.72633, -3.22935, -3.75177, -2.99946, -2.78948, -3.33485, -2.88611, -5.35693, -3.70843, -3.38452, -2.7232, -2.77328, -3.67874, -2.3502, -5.35628, -3.76765, -3.2048, -1.80056, -3.11915, -4.32168, -3.56075, -3.81967, -4.95709, 
2002_2: -2.31483, -3.17065, -3.32034, -3.21583, -4.79931, -2.48484, -3.85061, -3.52821, -3.42486, -3.55376, -3.74408, -3.66118, -3.07974, -3.65345, -2.57957, -3.8296, -3.97113, -3.51991, -3.64712, -4.62979, -2.62286, -2.79155, -4.1745, -2.91896, -3.35956, -4.279, -5.29365, -3.45482, -2.77534, -5.12036, -2.19766, -8.12614, -3.90571, -3.2483, -1.77351, -4.96264, -4.36713, -4.42269, -4.83005, -3.914, 
2001_2: -1.21237, -2.4633, -2.81404, -2.15385, -2.65944, -2.73162, -3.93988, -2.88713, -2.73149, -2.38515, -3.22846, -3.65762, -3.87952, -3.39006, -2.18287, -3.73647, -3.67398, -3.2295, -2.67057, -3.4892, -2.17142, -2.18043, -3.33433, -3.93269, -3.12637, -3.59859, -3.74653, -3.76696, -2.62029, -3.88056, -1.67598, -3.74564, -3.48712, -2.26201, -1.6336, -2.0781, -3.86707, -3.33025, -3.87506, -3.68475, 
2006_0: -2.07293, -3.31381, -3.49156, -2.54227, -5.88109, -2.85325, -5.00259, -3.15488, -3.08391, -5.44169, -3.85573, -3.89084, -4.53817, -2.88993, -2.64658, -3.10557, -3.99199, -3.76796, -4.45728, -3.84218, -3.33349, -3.10186, -2.92656, -3.53142, -3.56906, -4.08176, -4.0604, -4.29443, -3.67573, -3.8865, -2.52411, -3.74521, -3.78249, -2.85042, -3.01052, -2.29783, -4.59035, -2.59276, -4.71067, -3.34458, 
1999_1: -1.58414, -4.30369, -3.63355, -2.71551, -2.44062, -2.37616, -3.4867, -3.37738, -3.44385, -4.53373, -3.33766, -3.37229, -3.71789, -3.34959, -2.47127, -5.20838, -3.94471, -3.85373, -3.65863, -3.83277, -2.70938, -2.77505, -3.57924, -3.13139, -2.9753, -3.8266, -3.46191, -3.01178, -3.23097, -3.75073, -2.68221, -3.40193, -3.73259, -2.95642, -2.89977, -2.39519, -4.86797, -3.73738, -5.31888, -3.63055, 
2014_1: -2.39228, -3.50301, -3.35089, -3.32851, -7.81681, -2.37357, -3.30219, -3.24105, -5.14379, -5.25891, -2.82759, -4.1668, -3.87143, -3.97533, -2.80007, -4.04649, -3.25227, -3.40978, -3.12903, -4.01889, -2.33182, -2.88182, -3.94725, -3.31703, -2.49561, -3.02065, -3.72623, -4.09656, -2.75864, -3.72128, -2.54814, -3.59024, -3.66753, -2.64242, -1.99833, -2.72362, -4.75172, -2.48616, -4.79838, -3.22851, 
2017_0: -2.24923, -3.34068, -2.93917, -2.95009, -3.3259, -2.49636, -2.84188, -3.1415, -2.6639, -2.65496, -2.85765, -4.30548, -3.66169, -2.85621, -2.44432, -3.20737, -2.56559, -3.04664, -2.52085, -3.16188, -2.0892, -2.73159, -3.23752, -3.52568, -3.12621, -2.30714, -3.17767, -3.34108, -2.81501, -3.36758, -2.19434, -3.26347, -3.03955, -2.69471, -1.55229, -2.34521, -2.74341, -2.62452, -3.05409, -3.1856, 
2014_2: -2.71412, -3.87847, -3.55854, -3.7823, -4.29505, -1.97851, -3.43609, -4.08538, -3.776, -2.9931, -2.9212, -5.49131, -3.18672, -4.34764, -2.88522, -4.36218, -3.61243, -3.32979, -2.86991, -4.19584, -2.55519, -3.16199, -4.04944, -2.75779, -2.56051, -2.92686, -3.65062, -3.39736, -2.95644, -3.60793, -2.69268, -3.41389, -4.08023, -3.32078, -2.51385, -3.3412, -4.72176, -2.92659, -4.82139, -3.46656, 
2011_2: -2.56004, -3.52168, -3.63099, -3.13035, -3.64972, -2.64092, -3.917, -4.20448, -3.46294, -3.00506, -4.60558, -4.27835, -4.45517, -3.91137, -2.59518, -4.09453, -3.68798, -3.70658, -2.80959, -3.79409, -2.36358, -2.46192, -4.16381, -4.54731, -3.79872, -3.3334, -5.93327, -4.58256, -2.73982, -4.05287, -2.46902, -4.2476, -3.68886, -2.97197, -1.85869, -2.76314, -2.56305, -2.64052, -2.55454, -3.52177, 
2004_1: -1.5906, -4.75211, -3.29314, -2.31844, -1.80073, -3.29023, -4.82193, -2.58716, -2.54272, -2.84339, -3.33745, -3.23665, -3.93315, -2.79645, -2.06956, -6.83108, -3.73453, -3.2332, -3.87281, -3.37313, -2.66446, -3.14776, -3.22295, -3.8377, -3.02084, -3.80812, -3.83308, -3.95006, -3.33212, -3.63128, -2.82385, -3.52613, -4.07406, -2.35729, -1.55203, -2.01017, -4.18464, -2.16785, -4.09621, -3.62899, 
2017_1: -1.61931, -2.75011, -2.52592, -7.9104, -2.54389, -2.60976, -2.28271, -3.09937, -2.47578, -2.44519, -2.39597, -2.64745, -3.65495, -2.52285, -4.14016, -2.75429, -1.80172, -3.39374, -2.14886, -2.55116, -2.30177, -2.45107, -2.60964, -2.5638, -2.48434, -2.07119, -3.6859, -5.33356, -2.08901, -2.74826, -2.50176, -2.40955, -2.5467, -2.38646, -5.94347, -4.58968, -3.8343, -2.07068, -1.87934, -2.73125, 
2011_1: -2.29455, -3.26174, -4.39141, -2.58011, -2.74735, -2.9455, -3.3516, -4.11845, -3.18945, -2.98082, -3.76778, -3.90048, -5.11981, -4.99399, -2.47468, -3.80543, -3.77922, -3.29557, -3.90979, -3.8886, -2.59812, -2.86984, -3.12933, -4.50261, -3.50349, -3.36473, -4.02515, -4.25996, -2.71446, -3.91559, -2.27271, -4.08109, -3.39297, -2.5285, -1.68967, -2.28263, -4.37915, -2.4997, -3.56519, -3.4192, 
2001_0: -0.962406, -2.70615, -2.8784, -1.52085, -1.30214, -2.9004, -3.1535, -2.66858, -2.43558, -3.07106, -2.83901, -2.8068, -3.48336, -2.27801, -2.49258, -5.11305, -3.36569, -2.99211, -2.91879, -3.26732, -2.28237, -5.78763, -4.00676, -3.37096, -3.10289, -4.7417, -3.27844, -3.33452, -3.16401, -3.55093, -2.35823, -2.94655, -4.06491, -2.32987, -1.52769, -1.32582, -3.31674, -2.82616, -3.34678, -3.20964, 
2013_2: -2.64392, -4.02709, -3.78526, -4.11565, -5.23829, -2.34775, -4.20649, -5.93747, -3.69788, -3.04036, -3.29617, -4.32394, -3.21386, -4.02246, -2.82835, -4.98956, -3.46951, -3.76377, -2.65953, -4.46145, -2.68548, -2.88907, -4.25067, -3.04537, -3.0659, -3.00587, -3.96198, -3.8017, -3.03746, -3.61934, -2.71968, -3.98254, -4.20107, -3.92895, -2.29909, -3.42446, -3.33275, -3.17148, -2.95339, -3.38905, 
2015_1: -2.12264, -3.68851, -3.25134, -2.70978, -3.46562, -2.61165, -3.2607, -3.16392, -3.77521, -2.52933, -3.58136, -3.37681, -4.45952, -3.09008, -2.64639, -3.5366, -2.97493, -2.70014, -2.76787, -3.68146, -2.30007, -3.1069, -3.38462, -4.28861, -3.34577, -2.73216, -4.06146, -9.0441, -2.29664, -4.03696, -2.11922, -3.59212, -3.65235, -2.29968, -1.66488, -2.44251, -6.64761, -2.51692, -3.73116, -3.60607, 
2000_1: -1.69928, -2.9384, -4.85795, -2.83587, -2.23956, -2.78648, -3.36785, -2.89897, -2.91122, -2.91858, -2.97832, -3.56279, -3.60487, -3.33675, -2.08438, -3.51819, -3.65296, -3.93622, -3.36356, -3.56964, -2.58698, -2.37371, -3.42319, -5.13033, -3.82025, -7.44604, -3.47491, -2.69256, -3.09026, -3.58918, -2.51172, -3.44738, -3.59318, -2.66698, -2.11995, -2.30007, -3.73508, -3.37605, -5.05426, -3.32954, 
2003_1: -2.07773, -5.45765, -5.35217, -2.43432, -2.11335, -2.64532, -4.08522, -3.20207, -3.25631, -3.0436, -3.32327, -3.54888, -3.89939, -2.88139, -2.0469, -4.029, -4.19649, -3.4175, -3.87279, -4.01245, -2.63901, -2.80435, -4.29631, -3.58116, -3.4737, -4.09056, -3.84514, -3.56123, -3.32501, -5.06148, -1.98526, -3.77282, -3.59476, -2.8239, -1.79954, -2.24628, -5.82328, -3.85005, -4.82829, -3.87311, 
1999_2: -2.23129, -3.28112, -3.25738, -3.0976, -6.07528, -2.62915, -3.28726, -3.38681, -3.4078, -2.93304, -3.7038, -3.52522, -3.07159, -3.33309, -2.63298, -4.18243, -3.65974, -3.85522, -3.43952, -3.65681, -2.81639, -2.58881, -3.68051, -2.70241, -3.05869, -3.6999, -3.51775, -2.71932, -3.2503, -3.70053, -2.23449, -3.75014, -3.80626, -3.52905, -1.96153, -3.20868, -4.03871, -3.57994, -3.90361, -3.37815, 
2013_0: -2.22532, -3.56214, -3.92105, -2.75632, -2.83781, -2.63587, -4.59658, -3.06821, -3.56191, -2.74813, -3.17126, -4.3686, -4.12644, -3.05302, -2.80177, -3.77093, -3.61188, -3.84854, -3.50641, -4.27234, -2.58292, -2.94713, -3.28694, -4.1162, -3.04055, -3.39858, -3.86867, -4.00094, -2.61165, -3.79826, -2.5141, -3.59611, -3.39064, -2.68315, -2.05253, -2.58154, -5.00997, -2.55734, -5.11534, -3.64941, 
1997_0: -1.2492, -2.8738, -2.71241, -2.42964, -1.50211, -2.73962, -3.16892, -3.00286, -2.66975, -2.81547, -2.82534, -3.2074, -3.19993, -2.44168, -2.24534, -2.88776, -3.08587, -3.57277, -3.2083, -3.08621, -2.67814, -3.15803, -6.98464, -3.1526, -2.95545, -3.19727, -3.40928, -4.6142, -4.10716, -3.1967, -2.37128, -3.48423, -3.27012, -2.69677, -2.92829, -1.81747, -5.89534, -4.3276, -3.42989, -3.05852, 
2007_1: -2.44975, -3.59181, -4.92437, -2.97425, -2.82022, -2.71572, -3.85291, -4.0185, -3.3284, -3.42901, -3.56557, -3.97253, -3.92335, -3.0123, -2.57713, -3.40419, -4.1717, -4.15458, -4.2524, -4.00379, -2.76954, -2.97241, -4.00957, -3.59174, -3.41584, -4.05925, -4.37119, -3.84941, -2.96699, -4.0364, -2.44707, -3.66081, -4.12349, -2.85894, -2.25158, -2.82494, -4.35966, -2.40871, -3.99255, -3.87351, 
2002_0: -1.39084, -2.65213, -3.39758, -2.19741, -1.53009, -3.07517, -3.86472, -2.77251, -3.04519, -2.70577, -3.09488, -3.54591, -3.67248, -2.50057, -2.06811, -5.00495, -3.74056, -3.11998, -3.67112, -3.29442, -2.8197, -2.79983, -3.43048, -3.8728, -3.7704, -3.49461, -3.7622, -3.80998, -3.09448, -3.56231, -2.20913, -3.42249, -3.36213, -1.99279, -1.79324, -1.37847, -5.10943, -3.68023, -3.96197, -5.04363, 
2002_1: -1.91935, -5.28396, -3.48489, -2.40999, -2.40649, -3.00106, -3.79086, -3.33245, -3.12286, -3.14314, -3.47589, -3.58681, -3.82016, -3.11483, -2.16201, -3.91784, -4.39055, -3.94321, -5.54854, -4.95339, -2.63752, -3.0882, -3.8657, -3.42377, -3.16907, -3.82445, -3.83903, -3.57935, -3.94305, -3.76911, -2.38847, -3.66297, -4.34195, -2.42445, -1.83653, -2.35773, -4.14107, -3.75281, -4.73852, -3.54695, 
2010_0: -2.6165, -3.21681, -3.39779, -2.78625, -2.80396, -2.57723, -2.92715, -3.12934, -3.64632, -3.10833, -3.28891, -3.73063, -4.14689, -3.02095, -2.30202, -3.05479, -3.86099, -4.23452, -3.92375, -3.83645, -2.79694, -3.17058, -3.64607, -3.68972, -3.78952, -4.15155, -4.1014, -4.17983, -2.77289, -3.65685, -2.98419, -3.8575, -3.62992, -2.74808, -2.54724, -2.17959, -4.44816, -3.22358, -4.55998, -3.16919, 
2008_1: -2.6656, -3.26252, -3.03815, -2.927, -2.93849, -2.5094, -3.91404, -3.67859, -3.62796, -3.0209, -3.81866, -3.56926, -8.57784, -3.41839, -2.19465, -4.12143, -7.84008, -3.95321, -4.22275, -4.47753, -2.73401, -2.78887, -3.79896, -3.61114, -3.49038, -3.81321, -4.40623, -4.02645, -2.7412, -3.941, -2.28226, -3.46339, -4.0066, -2.88711, -2.04853, -2.89544, -4.47474, -2.45363, -4.13014, -3.63489, 
2005_1: -2.18052, -3.48209, -3.32233, -2.78267, -2.84026, -2.61233, -4.01128, -3.22644, -3.26896, -2.91907, -3.34134, -3.81735, -3.77055, -3.16447, -2.37578, -3.72134, -4.54761, -3.5057, -4.48562, -4.1272, -2.78026, -2.87109, -3.72057, -3.5979, -3.45232, -4.09441, -4.19597, -3.7667, -3.07695, -4.14217, -2.37241, -3.97209, -3.99359, -2.86246, -5.42401, -2.66312, -4.06235, -2.48318, -3.78534, -3.99751, 
2000_2: -2.06528, -3.26992, -3.20513, -3.19318, -3.43184, -2.5014, -3.91961, -3.47163, -5.03032, -3.19905, -3.3728, -3.48553, -3.09086, -3.63377, -1.87739, -3.73523, -3.81384, -4.00228, -3.45368, -3.74222, -2.66799, -2.4661, -3.5325, -2.25172, -3.23625, -3.73684, -3.23815, -2.80672, -2.95174, -3.34224, -2.06928, -3.99813, -4.77734, -3.51075, -1.54456, -3.40355, -3.95989, -4.05229, -4.2734, -3.13694, 
1999_0: -1.28444, -2.75376, -3.1797, -2.00776, -1.65456, -3.41856, -3.42802, -2.40701, -2.27857, -2.85085, -3.00572, -3.16787, -3.36871, -2.08483, -2.35551, -3.25202, -3.51316, -3.13553, -3.31379, -2.92232, -2.82458, -3.02252, -3.03264, -3.01836, -2.82066, -3.54297, -3.28504, -2.81736, -3.31244, -3.1173, -2.96592, -4.17769, -3.11962, -2.49553, -1.43364, -1.76021, -3.55208, -3.37702, -3.56935, -3.06749, 
2004_2: -1.80627, -2.82806, -3.35602, -2.49641, -2.97311, -2.78415, -3.79705, -3.50489, -2.88119, -2.58268, -3.95252, -4.44259, -4.20979, -2.87213, -4.28853, -4.04949, -3.98798, -2.88728, -2.61956, -3.30846, -3.00768, -2.05878, -3.56207, -4.08555, -3.1871, -3.52866, -4.70118, -4.21508, -2.26139, -3.88409, -1.9897, -3.68824, -4.27306, -2.8857, -1.57366, -2.33557, -4.11755, -2.54589, -4.15863, -3.82577, 
1998_0: -1.41765, -2.65556, -2.90579, -2.99271, -1.53782, -2.98055, -3.4067, -3.29466, -2.88233, -2.6783, -3.05258, -3.33184, -3.29947, -2.12106, -2.05233, -3.33692, -3.27612, -3.08233, -3.11214, -3.21709, -2.79182, -2.12139, -5.06436, -3.6443, -3.09719, -3.28476, -3.20824, -3.83197, -3.14923, -5.58517, -2.38463, -3.08601, -3.32484, -2.80726, -1.36376, -2.0338, -4.06494, -4.23652, -3.96616, -3.27296, 
2003_0: -1.30231, -2.83558, -3.3012, -1.96978, -1.36906, -3.0793, -3.53896, -2.23981, -2.79101, -2.77132, -2.85357, -3.43596, -3.59437, -2.63637, -1.9373, -6.52317, -3.53716, -3.511, -3.58473, -3.03481, -3.16533, -2.72294, -3.33835, -3.54473, -3.18614, -3.63711, -3.60151, -3.30935, -4.85873, -3.25467, -2.34542, -3.28636, -2.94418, -2.34375, -1.64039, -1.35337, -3.77068, -3.51414, -3.77138, -3.443, 
2000_0: -1.74865, -2.69835, -3.37873, -5.63842, -1.48994, -4.66227, -3.87192, -3.18653, -2.99052, -3.34185, -2.89561, -3.38067, -3.94489, -2.43883, -2.19336, -3.77696, -3.824, -6.80864, -3.67018, -2.90971, -6.75562, -3.05269, -3.54826, -5.0798, -4.98476, -3.52481, -3.74466, -3.37038, -3.82903, -3.4545, -2.58437, -3.48589, -3.41447, -3.17389, -1.80035, -2.2031, -3.87066, -3.32475, -3.87458, -5.11255, 
2015_2: -2.31441, -3.80264, -7.67266, -3.78534, -5.17841, -2.96329, -3.18494, -4.03988, -3.4635, -2.71602, -3.60048, -3.7988, -5.51102, -3.60486, -2.49118, -3.88712, -2.58836, -3.6974, -2.48586, -4.01359, -2.50622, -3.01079, -4.09393, -4.17078, -3.82699, -3.08047, -3.66028, -4.45081, -2.55674, -4.35169, -2.54031, -3.45375, -3.50559, -3.05084, -1.66421, -3.50263, -2.74285, -3.24381, -2.45183, -3.7215, 
2010_1: -2.35494, -3.24906, -3.41182, -2.98681, -3.51565, -2.4472, -5.2068, -3.47257, -3.61811, -2.84673, -3.1074, -3.81632, -4.05394, -3.23286, -2.68141, -5.18394, -4.02779, -3.56345, -3.87455, -4.4593, -2.67655, -2.9983, -4.16362, -3.84612, -2.91102, -3.58858, -4.02103, -4.01064, -2.7259, -4.60953, -2.64558, -3.74272, -3.81182, -2.80493, -2.14202, -2.43663, -4.47106, -2.59316, -4.01943, -3.52754, 
2001_1: -1.1915, -2.91517, -3.07239, -1.67682, -1.74093, -3.84536, -5.05087, -3.13101, -2.86002, -3.13614, -2.9575, -3.2183, -3.86562, -3.18812, -2.22959, -3.65232, -5.97473, -3.33879, -3.4922, -3.21623, -2.72383, -3.01403, -3.25695, -10.9626, -3.63821, -3.6576, -3.84274, -4.46542, -3.0359, -3.62341, -2.10113, -3.29312, -3.28278, -2.10233, -1.44787, -1.60012, -4.34506, -4.01621, -3.80136, -5.32822, 
1997_1: -2.00967, -3.24482, -3.03226, -2.14203, -2.04499, -2.67352, -3.39257, -4.42523, -4.80102, -2.48328, -7.93191, -3.23292, -3.40261, -2.92211, -2.22968, -3.47608, -3.53092, -3.24595, -3.30779, -5.03536, -2.55153, -2.33378, -3.03643, -3.37122, -2.97025, -3.44951, -3.23221, -2.59949, -2.93616, -3.40508, -2.19226, -3.13416, -3.43905, -2.7483, -1.56824, -2.53144, -3.6554, -3.53108, -3.51413, -3.03813, 
2017_2: -2.62783, -3.02291, -3.02593, -3.30788, -5.62129, -2.91436, -2.78562, -3.1884, -2.92577, -2.90959, -3.44282, -3.55074, -3.26342, -3.12178, -2.42379, -3.80546, -2.02494, -3.19528, -2.38636, -3.07544, -2.19064, -2.8349, -2.98326, -4.74957, -3.74276, -2.22452, -4.11508, -3.36926, -2.36871, -4.47513, -2.20784, -3.20337, -3.07132, -3.02987, -1.84715, -3.11857, -5.10856, -4.27144, -2.36431, -2.8238, 
2003_2: -2.49222, -3.84977, -3.41119, -3.6073, -3.62344, -2.5706, -3.87279, -4.09688, -3.68591, -3.04735, -3.61968, -4.09973, -2.8781, -3.96207, -2.73661, -4.12375, -4.65134, -3.72145, -3.39069, -4.15377, -2.60147, -2.46847, -4.04526, -2.79083, -3.61216, -4.14059, -3.90324, -3.06139, -3.07898, -6.26871, -2.59085, -4.47208, -4.04269, -3.41493, -1.88203, -3.32293, -4.46601, -3.91358, -4.56125, -3.30735, 

== Topic 0 == (191133) 
	chang	0.0294	5620
	technolog	0.0292	5583
	new	0.0263	5025
	futur	0.0109	2079
	challeng	0.01	1919
== Topic 1 == (72502) 
	web	0.134	9686
	site	0.0496	3598
	websit	0.0253	1837
	page	0.0249	1805
	access	0.0226	1642
== Topic 2 == (95901) 
	search	0.0991	9507
	user	0.0436	4179
	retriev	0.0363	3479
	queri	0.0345	3306
	engin	0.0212	2036
== Topic 3 == (116182) 
	servic	0.0888	10311
	librarian	0.0453	5260
	refer	0.0409	4755
	user	0.0232	2697
	academ	0.0223	2595
== Topic 4 == (128306) 
	electron	0.0362	4647
	collect	0.0306	3922
	catalog	0.0259	3326
	resourc	0.0241	3093
	access	0.017	2186
== Topic 5 == (166847) 
	model	0.034	5676
	analysi	0.0205	3420
	differ	0.0175	2923
	method	0.0163	2716
	cluster	0.0158	2644
== Topic 6 == (95156) 
	imag	0.0323	3069
	method	0.0321	3051
	algorithm	0.0187	1784
	featur	0.0165	1567
	classif	0.0157	1489
== Topic 7 == (76054) 
	digit	0.0983	7476
	archiv	0.0509	3869
	record	0.0387	2942
	metadata	0.0281	2134
	preserv	0.0245	1866
== Topic 8 == (83908) 
	govern	0.0359	3009
	polici	0.0221	1850
	public	0.0197	1651
	law	0.0174	1462
	ethic	0.0172	1446
== Topic 9 == (122683) 
	survey	0.0272	3340
	result	0.0126	1548
	differ	0.0125	1535
	respond	0.0118	1450
	internet	0.0106	1298
== Topic 10 == (101414) 
	patent	0.0326	3306
	countri	0.0253	2565
	collabor	0.0211	2139
	intern	0.0185	1878
	univers	0.0151	1526
== Topic 11 == (45579) 
	game	0.0285	1298
	video	0.0282	1285
	virtual	0.0275	1255
	visual	0.0207	945
	music	0.0201	918
== Topic 12 == (139833) 
	channel	0.0542	7580
	capac	0.0214	2996
	rate	0.0148	2066
	code	0.0138	1933
	achiev	0.0134	1879
== Topic 13 == (101887) 
	public	0.0333	3396
	univers	0.0221	2248
	ict	0.0192	1958
	access	0.0169	1718
	servic	0.0157	1603
== Topic 14 == (163275) 
	system	0.0701	11445
	model	0.028	4577
	softwar	0.0221	3615
	design	0.0182	2971
	process	0.0178	2901
== Topic 15 == (69448) 
	control	0.0488	3391
	system	0.0329	2286
	model	0.02	1390
	dynam	0.011	761
	stabil	0.0102	708
== Topic 16 == (59334) 
	data	0.177	10490
	databas	0.0159	941
	mine	0.0157	933
	dataset	0.013	770
	gene	0.012	714
== Topic 17 == (101285) 
	health	0.0884	8953
	medic	0.0248	2515
	patient	0.0176	1785
	care	0.016	1618
	clinic	0.0146	1480
== Topic 18 == (108848) 
	model	0.0258	2811
	factor	0.0236	2565
	influenc	0.0192	2091
	effect	0.0175	1899
	perceiv	0.0153	1667
== Topic 19 == (39502) 
	book	0.0426	1684
	market	0.0414	1637
	read	0.041	1620
	e-book	0.0269	1061
	price	0.0223	879
== Topic 20 == (133838) 
	evalu	0.0532	7119
	assess	0.0318	4255
	qualiti	0.0254	3401
	measur	0.0236	3161
	review	0.0231	3087
== Topic 21 == (182592) 
	knowledg	0.0408	7445
	manag	0.0397	7258
	busi	0.0196	3573
	organ	0.0169	3083
	organiz	0.0127	2311
== Topic 22 == (65664) 
	semant	0.0285	1872
	classif	0.0277	1821
	knowledg	0.025	1639
	ontolog	0.0239	1573
	subject	0.0191	1252
== Topic 23 == (132383) 
	estim	0.015	1983
	distribut	0.0117	1547
	function	0.0114	1515
	sourc	0.0112	1484
	bound	0.011	1460
== Topic 24 == (164812) 
	journal	0.0451	7432
	citat	0.0425	7010
	scienc	0.0267	4393
	articl	0.0213	3513
	public	0.019	3134
== Topic 25 == (91100) 
	social	0.077	7014
	media	0.0408	3721
	commun	0.0272	2476
	mobil	0.0257	2340
	network	0.0238	2167
== Topic 26 == (67243) 
	spatial	0.0317	2134
	map	0.0241	1621
	model	0.0227	1525
	geograph	0.0193	1300
	data	0.0165	1109
== Topic 27 == (118443) 
	code	0.0889	10524
	construct	0.0177	2096
	decod	0.0173	2047
	bound	0.0158	1874
	ieee	0.014	1659
== Topic 28 == (122900) 
	commun	0.0179	2195
	particip	0.0151	1852
	interview	0.0147	1812
	seek	0.0129	1587
	group	0.0129	1582
== Topic 29 == (66895) 
	network	0.105	7032
	node	0.0229	1530
	scheme	0.0178	1189
	protocol	0.0154	1032
	wireless	0.0147	984
== Topic 30 == (201317) 
	theori	0.0181	3653
	social	0.0138	2776
	concept	0.0127	2550
	practic	0.0116	2339
	scienc	0.0112	2258
== Topic 31 == (77873) 
	document	0.0304	2367
	text	0.0295	2297
	languag	0.0288	2242
	word	0.0157	1223
	term	0.0156	1212
== Topic 32 == (53217) 
	open	0.0597	3178
	access	0.0567	3019
	publish	0.0391	2079
	journal	0.0331	1763
	scholarli	0.0277	1472
== Topic 33 == (157226) 
	student	0.0767	12061
	learn	0.0447	7024
	educ	0.0347	5459
	literaci	0.0318	5005
	instruct	0.0235	3691
== Topic 34 == (244222) 
	one	0.0122	2991
	may	0.0108	2641
	problem	0.00959	2343
	mani	0.00883	2156
	howev	0.00877	2142
== Topic 35 == (160669) 
	univers	0.0307	4931
	program	0.0212	3414
	academ	0.0191	3070
	librarian	0.0177	2844
	group	0.0159	2562
== Topic 36 == (131358) 
	bind	0.0216	2840
	protein	0.0181	2371
	ligand	0.014	1834
	structur	0.0139	1823
	dock	0.0124	1633
== Topic 37 == (138687) 
	purpos	0.0516	7151
	limit	0.0463	6425
	approach	0.0424	5881
	valu	0.0423	5871
	find	0.0392	5443
== Topic 38 == (136688) 
	chemic	0.0287	3928
	compound	0.0241	3292
	model	0.0187	2560
	set	0.0177	2422
	predict	0.0176	2412
== Topic 39 == (84486) 
	algorithm	0.0552	4667
	comput	0.0234	1975
	optim	0.0205	1730
	problem	0.0193	1634
	effici	0.0147	1242
