== Parameters ==
2009_0: -3.04802, -3.9351, -3.4039, -3.68157, -2.23849, -3.45518, -3.17715, -3.94033, -4.30325, -2.75257, -2.91, -2.756, -3.74811, -3.60523, -3.05382, -4.02402, -5.75135, -3.94818, -2.8735, -3.73868, -3.21414, -2.77939, -3.94977, -3.82271, -2.64674, -3.97966, -2.89156, -2.57771, -2.49172, -1.96637, -5.21553, -2.72098, -4.34598, -3.27233, -3.59732, -3.32731, -4.74426, -2.98118, -3.7482, -3.44142, 
2005_1: -3.01267, -1.88199, -3.21729, -4.00536, -2.145, -2.96091, -4.21123, -3.53366, -3.31314, -2.42767, -3.34073, -2.668, -3.3854, -3.6197, -2.95369, -4.09813, -3.97317, -4.01491, -2.551, -3.31267, -3.27831, -2.69113, -3.39854, -3.19218, -2.30301, -3.9747, -3.29711, -2.45569, -2.67729, -1.9085, -3.55482, -2.05607, -3.51063, -5.27413, -3.53303, -4.07738, -4.09862, -2.48253, -3.17735, -3.63327, 
2004_1: -2.3182, -1.76811, -3.62385, -3.93284, -2.4546, -3.31887, -2.55155, -3.66404, -3.70938, -1.99832, -3.07496, -2.05702, -3.63961, -3.5017, -2.84812, -3.77362, -3.97425, -3.53746, -2.80619, -3.40825, -3.31891, -3.05233, -3.28019, -4.41787, -2.39577, -4.16541, -3.54633, -2.11852, -2.43157, -1.85586, -3.38019, -1.68246, -3.55527, -6.00755, -3.25436, -3.66633, -4.22653, -2.49716, -3.6294, -3.3762, 
2005_5: -4.48721, -2.07142, -4.29192, -4.38449, -3.69572, -3.83761, -4.67883, -4.11176, -3.18592, -4.19418, -2.84634, -4.42353, -3.32511, -4.20849, -4.03868, -3.25779, -3.80261, -4.28412, -2.61887, -4.18084, -2.98381, -2.48079, -4.00833, -3.33623, -2.31739, -2.75955, -3.6342, -3.08594, -2.82027, -2.94141, -4.42483, -4.21032, -4.81299, -4.5777, -4.64159, -4.08661, -4.24743, -3.46383, -2.89772, -3.6901, 
2011_0: -4.52947, -1.79145, -3.86114, -4.28044, -2.36133, -3.28687, -3.27446, -2.94815, -4.27879, -2.14024, -2.82308, -2.50516, -4.63115, -3.47182, -3.1516, -3.57509, -5.52781, -4.10528, -2.66114, -4.5252, -3.38382, -2.38142, -3.69702, -3.77379, -2.31323, -4.49983, -2.98135, -2.27838, -2.28303, -1.91407, -3.19181, -2.27882, -3.14694, -3.31049, -3.45139, -3.85443, -4.48961, -2.96478, -3.56633, -4.55269, 
2012_4: -4.13669, -2.58972, -4.81046, -3.28903, -3.16822, -3.35317, -4.70107, -3.68478, -3.02407, -3.2456, -2.50382, -3.1678, -3.57265, -2.9991, -3.35538, -3.72399, -3.63657, -4.06069, -2.73763, -4.61138, -2.99396, -2.75952, -3.58111, -3.12954, -2.65179, -5.44454, -3.7143, -2.72509, -4.09074, -2.57015, -4.26091, -4.06645, -4.05926, -3.49628, -3.21143, -3.19036, -4.04801, -3.16629, -3.04328, -3.02936, 
1998_2: -2.89459, -1.27097, -2.85541, -3.03348, -1.6303, -2.8233, -2.76109, -3.52165, -3.40528, -1.83315, -2.74331, -2.82515, -3.00422, -3.26469, -2.99316, -3.58709, -3.49287, -3.32508, -3.8488, -3.07104, -3.13172, -2.82445, -3.16386, -3.02031, -2.12641, -3.80359, -3.2504, -3.01603, -1.91655, -1.81384, -3.22358, -2.10084, -3.47943, -3.02809, -2.87424, -3.45312, -3.5028, -2.47683, -3.23523, -3.0721, 
2014_1: -3.45679, -1.90273, -3.27941, -3.59915, -2.57207, -3.86952, -3.65848, -3.24867, -3.52212, -2.53539, -2.81955, -2.8876, -4.19764, -3.35887, -2.86616, -3.64211, -4.53364, -4.01842, -2.26539, -3.75572, -2.789, -3.4086, -3.59475, -2.90186, -2.9343, -3.85655, -3.42279, -2.63893, -2.6508, -2.15866, -3.35897, -3.15227, -3.86653, -3.49386, -4.34677, -3.51524, -4.45733, -3.36425, -4.04135, -2.65323, 
2007_5: -4.94569, -1.91344, -4.81973, -3.2429, -3.76001, -3.17395, -5.15786, -6.75567, -2.86869, -4.10426, -2.86139, -3.76052, -3.35932, -4.22466, -3.78338, -3.27358, -2.77042, -4.2837, -2.51571, -4.58065, -2.67613, -2.65746, -4.23892, -2.86206, -2.86354, -2.89419, -3.64807, -3.17923, -2.86533, -2.9818, -4.00147, -4.54842, -4.56408, -3.25102, -3.2318, -3.62234, -3.86498, -3.71077, -3.47356, -3.47064, 
2016_0: -3.2769, -7.69399, -3.37357, -3.7296, -2.88177, -3.11927, -4.38208, -4.0591, -2.64462, -2.5348, -2.4564, -2.59477, -4.5538, -3.01239, -3.13302, -3.26632, -4.54429, -5.3673, -2.05611, -3.97478, -3.1354, -1.92183, -3.03102, -2.77429, -2.78857, -3.6705, -3.62934, -2.44673, -2.74074, -2.48883, -3.78655, -3.23689, -25.3087, -3.2374, -3.77337, -2.77102, -4.40823, -3.13468, -3.2217, -2.69612, 
2012_1: -3.27806, -2.41059, -4.13602, -3.62979, -2.60323, -3.66342, -3.75108, -3.02606, -4.20011, -2.77742, -2.79506, -3.01171, -4.00212, -3.19954, -2.96143, -3.1413, -4.29946, -4.4014, -2.73978, -4.59079, -3.66983, -2.39702, -3.48142, -2.64897, -3.2754, -4.25623, -2.91613, -2.84375, -2.48667, -2.33965, -4.34038, -2.98625, -3.7317, -3.50213, -3.64734, -3.77048, -4.45207, -2.79823, -3.2804, -3.46096, 
2015_0: -2.88092, -2.01595, -3.24416, -6.2454, -2.54066, -3.86782, -3.53827, -3.71819, -3.09337, -2.52089, -2.72201, -2.44621, -4.83874, -2.76903, -3.22267, -3.92148, -4.04707, -3.92519, -2.4927, -4.04054, -2.67033, -2.29689, -3.23221, -2.69503, -2.62917, -6.42786, -2.83247, -2.22386, -2.78183, -2.21116, -3.70958, -2.94685, -3.59146, -3.11036, -3.71533, -2.88228, -4.23433, -2.96604, -3.72698, -3.49979, 
2012_5: -5.53404, -1.86337, -4.10118, -3.25219, -4.2727, -2.99656, -4.84178, -4.36221, -2.98914, -3.8298, -2.71603, -4.89256, -3.86296, -3.45536, -3.47416, -3.32082, -2.90325, -4.01565, -4.28483, -5.20125, -3.01472, -2.92492, -3.61047, -3.13369, -2.60132, -2.95649, -4.4762, -3.19993, -2.99246, -3.10553, -4.34458, -4.86157, -4.72239, -4.17306, -3.28032, -2.9484, -4.09766, -3.42358, -2.93922, -3.19967, 
2009_4: -4.15545, -2.35208, -4.1388, -3.85023, -3.19716, -3.71723, -4.29725, -4.25736, -4.46372, -3.1644, -2.67418, -3.49699, -3.81871, -3.86239, -6.63843, -3.89963, -3.43722, -3.86043, -2.45925, -4.77093, -3.0523, -3.57423, -3.82752, -3.34554, -2.74668, -3.28309, -3.63414, -2.86445, -2.70981, -2.84708, -4.18413, -4.77505, -4.14052, -3.45321, -3.5658, -3.28856, -3.8522, -3.25094, -3.02818, -2.95998, 
2009_2: -3.71248, -2.88218, -3.72995, -4.33398, -2.58197, -3.25911, -3.96762, -5.53922, -4.06746, -2.93307, -2.92932, -2.54057, -5.70965, -3.94866, -3.37194, -3.85994, -4.18325, -4.31359, -2.43016, -4.79946, -3.39319, -2.54823, -3.63598, -2.93183, -2.44579, -4.16446, -3.87712, -2.57667, -2.68882, -2.38998, -4.0761, -2.89472, -4.08291, -3.40201, -3.52621, -3.89349, -5.03929, -2.81951, -3.47462, -2.72799, 
2007_1: -3.39777, -1.81746, -3.47487, -3.68563, -1.97341, -3.39506, -2.8898, -3.77246, -4.07089, -2.7011, -2.91427, -2.7454, -3.21358, -3.87148, -3.28296, -4.01052, -6.79917, -3.98184, -2.7149, -4.22648, -2.92673, -2.65432, -4.34909, -3.37578, -2.51241, -4.16958, -2.75252, -2.33672, -2.59905, -2.09282, -3.78236, -2.40562, -3.99763, -3.25492, -3.564, -3.85896, -4.2433, -2.96673, -4.15124, -3.91737, 
2008_5: -4.20156, -2.15432, -4.51903, -3.28321, -3.52304, -4.89314, -4.97984, -4.46633, -2.89745, -4.38414, -2.95092, -4.06861, -3.43857, -4.13204, -3.80317, -3.40593, -3.40842, -4.10987, -2.85515, -3.92576, -2.82669, -3.0938, -3.84812, -3.00193, -2.73593, -2.735, -4.15742, -4.14396, -2.77567, -2.94795, -4.2699, -4.81577, -5.56205, -3.89908, -3.17217, -3.16271, -3.96556, -3.20281, -2.81588, -3.08371, 
2008_0: -3.16961, -2.48665, -3.49993, -4.29324, -2.11914, -3.33888, -2.78117, -3.1587, -5.27818, -2.35672, -3.20044, -2.60149, -4.53383, -3.29304, -3.26537, -3.96473, -4.41304, -4.08957, -2.53041, -3.53488, -2.79991, -3.00494, -3.97266, -3.50048, -2.46421, -4.25975, -3.38422, -2.31, -2.34522, -1.92548, -3.70645, -2.48676, -3.92161, -3.43646, -3.25205, -3.26769, -4.39282, -2.85494, -3.82996, -3.43991, 
2012_3: -3.59167, -1.60568, -4.05822, -3.77593, -2.69598, -3.46624, -3.8881, -3.75041, -3.55788, -2.70532, -2.90445, -3.54149, -3.70999, -3.38538, -3.39431, -3.35122, -4.24176, -3.88862, -2.46517, -4.23471, -3.06871, -2.78556, -3.37296, -3.18409, -2.67947, -4.04172, -3.85392, -2.70059, -2.99128, -2.42574, -3.98817, -3.58463, -4.57936, -3.70768, -3.62683, -3.10266, -4.26936, -3.17334, -3.32407, -2.9021, 
2016_3: -3.9032, -2.05088, -3.71552, -4.85749, -3.26535, -3.58919, -5.13966, -4.07289, -2.91881, -3.2967, -2.68992, -3.05892, -3.6203, -2.77167, -2.98407, -3.31647, -3.58741, -3.5324, -2.44583, -4.37254, -3.01125, -2.76787, -3.17836, -2.87647, -2.73535, -3.85246, -4.23191, -2.66781, -3.00638, -2.77703, -3.95945, -4.19261, -3.80352, -3.34815, -3.42766, -2.71303, -4.04165, -3.66596, -3.65322, -2.65431, 
2008_1: -3.38677, -1.88965, -3.29063, -4.00741, -2.47331, -3.33355, -3.20183, -3.37073, -4.06495, -2.28503, -3.33116, -2.57839, -3.50584, -4.09336, -3.85094, -3.87324, -4.21111, -6.12151, -2.50997, -4.34218, -3.0483, -2.56526, -3.96681, -3.55184, -2.52016, -4.03517, -4.54884, -2.33886, -2.4075, -1.98113, -3.66304, -2.65069, -3.9134, -3.09791, -3.68665, -3.57052, -8.12144, -2.55433, -3.62904, -3.52014, 
2016_4: -4.07027, -1.74827, -4.11005, -3.5575, -3.58266, -3.35461, -4.66444, -3.90331, -2.57216, -4.04263, -2.56565, -3.98047, -3.72642, -2.6263, -3.08794, -2.97402, -3.39714, -3.87824, -1.83372, -4.54206, -3.35501, -2.67876, -3.76842, -2.83076, -2.46316, -3.52765, -4.25208, -3.33214, -2.92069, -3.76858, -4.46098, -5.22173, -4.27197, -3.21747, -3.96807, -2.87593, -3.05332, -3.6777, -3.25168, -2.68592, 
2006_3: -3.74992, -2.69232, -3.71098, -4.6162, -2.65793, -3.42133, -4.03679, -3.88397, -3.97119, -2.66267, -2.97686, -2.94932, -3.14094, -4.12237, -3.94849, -4.06069, -3.48414, -5.30571, -2.49707, -5.66321, -9.26147, -2.92524, -3.84799, -3.14519, -2.46531, -3.87681, -3.35126, -2.59092, -2.57548, -2.97918, -3.76268, -3.03501, -4.20086, -3.10965, -3.55077, -4.34854, -4.00024, -3.97757, -3.10327, -3.46779, 
2006_4: -4.22485, -1.94451, -3.90241, -3.68352, -3.17128, -3.26817, -4.70962, -4.51492, -3.82808, -3.35113, -3.00525, -3.2788, -3.21054, -3.93442, -3.51198, -3.32867, -3.03069, -4.57713, -2.34529, -4.72689, -2.84427, -2.79384, -3.42658, -2.86643, -3.17833, -4.23448, -3.89059, -2.5992, -2.62689, -2.84392, -4.23529, -4.10547, -4.69919, -4.30354, -3.32564, -6.16329, -3.78765, -3.1836, -3.17569, -3.05686, 
2010_4: -4.7552, -2.30346, -4.53304, -3.44537, -3.30439, -5.09805, -9.73439, -6.07049, -3.08427, -2.96086, -3.00222, -3.17837, -3.41861, -3.99106, -3.38308, -3.51851, -3.81459, -4.0068, -2.30612, -6.4885, -3.05478, -2.70505, -4.98211, -3.1658, -2.74384, -3.43653, -3.45287, -3.0071, -2.89155, -3.00188, -7.27313, -3.73226, -4.30157, -3.55874, -3.04014, -3.65474, -4.10134, -2.9849, -3.16309, -2.77412, 
2012_2: -3.31115, -2.19686, -4.17997, -3.55137, -2.6906, -9.72186, -3.73604, -4.13332, -4.1648, -2.98072, -2.62446, -3.03125, -3.77713, -3.08973, -3.25204, -3.80125, -4.24443, -4.54437, -2.45508, -4.12239, -2.86336, -2.5791, -3.82763, -3.10023, -2.60694, -4.91875, -3.3223, -2.91196, -2.4384, -2.42187, -3.53239, -2.75963, -3.74691, -3.36278, -3.63015, -3.56041, -5.0021, -3.07787, -3.72425, -3.07804, 
2013_2: -3.72646, -1.7785, -3.70016, -3.74638, -2.67112, -3.64054, -4.96381, -4.35654, -3.10319, -2.79896, -2.56852, -2.86945, -3.86125, -3.58671, -3.09272, -4.03241, -4.1642, -3.75209, -2.31696, -4.41625, -3.12942, -2.53437, -3.88697, -2.9082, -2.69289, -3.82773, -3.68675, -2.64189, -2.73043, -2.34389, -3.92701, -3.28688, -3.79167, -3.17212, -3.51409, -3.14513, -4.20861, -3.36752, -3.11724, -2.69537, 
1998_5: -3.66809, -2.24866, -3.63662, -3.30435, -3.21744, -3.60382, -3.39308, -3.44168, -3.5922, -2.77522, -2.59931, -3.40291, -2.81233, -3.48332, -3.55556, -3.24359, -3.79136, -2.9652, -2.06149, -3.55894, -3.26089, -2.32458, -3.63198, -2.91695, -2.07368, -2.59695, -3.31094, -3.73349, -2.39841, -2.0956, -3.9413, -5.29309, -3.89411, -3.20318, -2.9167, -3.89075, -3.89485, -3.94411, -2.73313, -3.98137, 
1997_5: -3.57627, -1.75049, -3.70743, -3.78125, -3.10054, -3.57714, -3.49679, -3.83718, -3.27328, -3.02635, -3.0145, -3.48836, -3.16836, -3.67761, -3.42367, -3.37589, -4.37782, -3.21825, -2.21667, -3.60845, -2.80408, -2.51804, -3.53864, -2.91148, -2.24265, -2.89119, -3.44571, -6.65416, -3.17586, -2.97281, -4.65244, -3.69936, -3.96024, -2.66716, -3.16798, -3.66621, -3.90142, -3.01877, -2.38134, -3.34415, 
2002_4: -3.44117, -1.98917, -3.40575, -3.95721, -2.71607, -3.39844, -4.43945, -5.20273, -3.40695, -2.98432, -3.28691, -2.77279, -3.16569, -3.93179, -3.42437, -3.76466, -5.8838, -3.43238, -2.5063, -3.70033, -3.27429, -2.42592, -3.81881, -3.46764, -2.24055, -3.85171, -3.70132, -3.96588, -2.49757, -2.093, -3.28488, -3.58134, -4.03833, -3.21305, -3.45531, -3.857, -4.41848, -2.67115, -3.07504, -3.16618, 
2007_4: -3.84839, -4.93419, -3.96671, -4.01096, -3.04158, -3.59767, -4.65973, -4.20795, -3.6094, -2.87601, -2.48296, -3.35064, -3.5077, -4.04552, -3.14543, -3.46331, -3.09989, -3.86934, -2.15247, -4.49822, -2.72431, -2.49163, -3.64589, -2.87534, -2.52884, -3.35413, -3.92534, -2.60039, -2.74106, -2.9591, -4.06072, -4.04367, -4.31618, -3.34828, -3.19728, -3.33493, -3.83282, -2.78123, -2.96886, -3.08336, 
2001_5: -3.18433, -1.37741, -3.8127, -4.06131, -2.3093, -3.40284, -3.8416, -3.86483, -4.01959, -4.72985, -2.63722, -2.84603, -3.99704, -3.54757, -4.17015, -3.56513, -4.16206, -4.1334, -2.42667, -4.19437, -2.21906, -1.93498, -3.10267, -3.51329, -2.37246, -4.70129, -3.71447, -3.95437, -2.36241, -1.77748, -3.54683, -3.05599, -3.81065, -3.71178, -2.80842, -4.01826, -4.89524, -2.36251, -3.73998, -4.94268, 
2015_1: -3.38095, -2.46302, -3.71887, -4.18674, -2.48126, -3.16048, -4.05731, -3.28036, -2.73914, -2.37486, -2.61788, -2.77937, -4.22879, -2.40261, -3.03077, -2.97393, -3.95399, -4.03145, -2.30491, -4.46366, -3.46201, -2.28647, -3.67288, -2.67266, -3.84583, -4.2921, -3.36494, -2.12354, -2.37752, -1.85307, -3.15007, -2.9638, -3.25327, -3.41023, -3.24319, -2.79611, -4.07799, -3.07978, -4.05853, -3.8404, 
2006_1: -2.95985, -2.2011, -3.64855, -3.60164, -2.61642, -3.06165, -2.73139, -3.40772, -6.74517, -2.63392, -3.24116, -2.75796, -4.07765, -3.9198, -3.04485, -3.62386, -4.50674, -4.02072, -2.72022, -3.99051, -3.7479, -2.61431, -4.06624, -3.06013, -2.42049, -4.46375, -3.07883, -2.57497, -2.25449, -2.39569, -3.67366, -2.46115, -4.40855, -3.49181, -3.68576, -3.8187, -4.70004, -2.9491, -3.45067, -3.38262, 
1999_2: -3.0177, -1.3091, -4.32551, -3.55347, -2.36877, -3.05302, -2.98217, -3.46182, -3.48098, -2.121, -2.53985, -2.73012, -2.98099, -3.14751, -4.39426, -3.30321, -3.59025, -3.39612, -2.46444, -3.78872, -2.45966, -2.75987, -3.7799, -3.04506, -2.39515, -3.58683, -3.69468, -3.34174, -2.54615, -1.86337, -3.64349, -1.82645, -5.1349, -3.03381, -3.2077, -3.41303, -3.71666, -3.12818, -3.08436, -2.56041, 
2010_5: -4.62599, -2.32005, -5.80891, -3.43567, -3.55189, -3.28116, -4.68054, -4.82045, -3.29971, -3.76119, -2.98539, -3.74761, -3.51717, -3.60622, -4.2319, -3.6712, -3.19117, -3.82874, -2.33351, -4.6564, -3.22899, -2.87785, -3.9474, -3.19341, -2.85682, -3.20286, -5.08553, -4.28153, -2.62901, -2.98985, -4.29075, -4.76036, -4.5647, -3.98857, -3.36672, -3.56009, -3.87436, -3.48511, -2.74585, -2.92989, 
2014_2: -3.32825, -2.05972, -3.74791, -3.51267, -2.72519, -4.44355, -4.4294, -3.7113, -3.04141, -2.61912, -2.44469, -2.64648, -4.00787, -3.07717, -2.91171, -3.56904, -4.86828, -3.72088, -2.41863, -4.22654, -2.92084, -5.39175, -3.73088, -2.74637, -2.62331, -4.16077, -3.2373, -2.44524, -3.66567, -2.43911, -3.45195, -3.01244, -3.2368, -2.97726, -3.71838, -3.28422, -5.36538, -3.08409, -3.5499, -2.50906, 
2017_1: -3.8273, -1.74967, -3.27158, -4.07664, -2.42865, -2.94292, -5.63955, -11.6031, -2.62821, -2.80848, -2.64874, -2.57057, -6.29672, -2.48334, -3.19855, -2.80145, -2.84948, -3.5053, -2.03765, -4.47515, -2.66625, -1.92621, -4.2536, -2.84931, -2.30947, -4.53694, -6.79418, -2.64166, -2.6046, -2.38234, -3.2507, -7.71691, -3.65561, -3.29368, -3.5726, -2.75335, -3.05529, -3.27991, -3.80514, -3.27337, 
2013_3: -4.16878, -1.96924, -4.09184, -3.97832, -2.99544, -3.86444, -4.77114, -4.6202, -2.9563, -2.99879, -2.53803, -2.72783, -4.02225, -3.4578, -3.08085, -3.58411, -3.73947, -3.72395, -2.26639, -4.1606, -2.85808, -2.59702, -3.23025, -2.89969, -2.77688, -3.55508, -3.89768, -3.00735, -2.81269, -2.72044, -3.64401, -4.11382, -4.11487, -3.46782, -3.90846, -2.85556, -3.85561, -3.59433, -3.37176, -2.83298, 
1997_4: -3.35427, -1.55437, -4.81432, -3.61668, -2.8252, -3.45199, -3.27818, -3.58694, -3.24669, -2.76085, -3.0341, -3.36103, -2.88431, -3.47515, -3.21721, -3.7124, -3.93889, -3.97646, -3.19553, -3.64299, -2.69519, -2.39307, -3.46541, -2.97051, -2.8037, -3.04983, -3.82524, -3.3468, -2.93486, -2.0363, -3.6148, -3.10939, -3.32959, -3.23451, -3.30375, -3.3034, -3.74677, -3.33317, -3.2946, -2.8892, 
2009_1: -2.83243, -1.95189, -3.67741, -3.80572, -2.23985, -3.16064, -3.25617, -3.63469, -4.40099, -2.37262, -2.70411, -2.46083, -3.90771, -3.3035, -2.69569, -3.92644, -4.31291, -4.73194, -2.52467, -3.68799, -3.1665, -2.80221, -3.54835, -3.52104, -2.16297, -4.22148, -2.99397, -2.53172, -2.29829, -1.97572, -3.92693, -2.70244, -4.288, -3.30407, -3.50767, -3.10805, -4.30505, -2.7389, -4.61971, -3.34667, 
2008_4: -4.04177, -2.18974, -4.13459, -3.67049, -3.11834, -3.59242, -4.66735, -3.87393, -3.37084, -2.74527, -2.57103, -2.96248, -4.29436, -4.48343, -3.68122, -3.40751, -3.08121, -4.17258, -2.4492, -6.52327, -2.95886, -2.30088, -4.2276, -2.97656, -2.47294, -3.58036, -3.5688, -2.83571, -2.67434, -2.84717, -4.31925, -3.86594, -4.57676, -3.16969, -3.72772, -4.08995, -3.83555, -3.12136, -3.16369, -3.13038, 
2014_4: -4.13182, -2.10827, -4.14336, -3.162, -3.20868, -3.98868, -5.98349, -4.18396, -2.76373, -3.06623, -2.58104, -2.91145, -3.72554, -3.62139, -3.04657, -3.41021, -4.88529, -3.66091, -2.24684, -4.40761, -3.22861, -2.784, -3.34949, -2.51319, -2.64401, -3.31888, -3.77373, -2.6738, -2.71877, -2.69392, -4.03907, -3.89393, -4.59674, -3.04344, -3.7411, -2.9428, -4.83086, -3.80322, -2.93605, -2.33175, 
2011_5: -4.10941, -1.92232, -4.71264, -3.98113, -3.52789, -2.94644, -4.64653, -4.42872, -2.38598, -2.88166, -3.54258, -2.97662, -4.51336, -3.13769, -4.33908, -3.0212, -2.02614, -4.87736, -2.08061, -4.76617, -2.3286, -2.66272, -4.00295, -3.25654, -2.52005, -4.76302, -4.22093, -2.58865, -2.70665, -2.69628, -4.0842, -3.47339, -3.85094, -4.49527, -3.09911, -2.87122, -2.5715, -3.096, -4.62815, -4.01439, 
2004_2: -2.33173, -1.85795, -2.90617, -3.7071, -1.94611, -2.54816, -2.51084, -3.83994, -3.75949, -2.11277, -2.99438, -2.44375, -5.28326, -3.56947, -3.58107, -3.69581, -4.03874, -4.55293, -4.83832, -3.10784, -3.5868, -3.10423, -3.33698, -3.51349, -2.45501, -5.26098, -3.48472, -2.12431, -2.24063, -1.52847, -3.88481, -1.74965, -3.62206, -3.02219, -3.24213, -3.71271, -3.94583, -2.40907, -3.73378, -3.21573, 
2017_3: -2.99689, -1.56115, -8.19379, -3.24975, -2.69519, -2.88116, -3.56704, -3.29886, -2.64006, -3.14755, -2.36504, -3.12244, -3.68932, -2.05719, -2.70728, -3.59375, -2.32754, -3.18737, -1.9179, -6.2513, -2.42245, -2.26392, -3.06064, -2.81443, -2.66761, -3.67082, -3.69018, -2.42155, -2.5229, -2.92922, -2.97125, -4.55467, -3.09403, -3.16458, -2.91764, -2.53158, -2.38194, -2.86511, -3.30061, -3.03933, 
2001_4: -2.7808, -1.48594, -3.05131, -4.93661, -1.82796, -2.92322, -3.65346, -3.86632, -3.12017, -1.9376, -3.25126, -1.97283, -4.10074, -3.7329, -3.2125, -3.78886, -3.8106, -4.07905, -2.52205, -2.83887, -2.69146, -1.76285, -3.46371, -3.34035, -1.77517, -7.15359, -3.85123, -3.27598, -2.22389, -1.56053, -3.4298, -2.03302, -3.5352, -4.12123, -4.35152, -4.06949, -3.76433, -2.05865, -3.85829, -2.99431, 
2011_3: -3.43881, -1.88557, -3.36296, -8.29015, -2.25648, -3.12411, -4.03034, -3.53315, -3.71887, -2.49669, -2.823, -2.50778, -4.77256, -3.32328, -3.41929, -3.49007, -3.87648, -3.97287, -2.4651, -3.73423, -2.98204, -2.24055, -3.68384, -3.26381, -2.78926, -4.81087, -3.29042, -2.29417, -2.48623, -2.1904, -3.48505, -2.7892, -3.27748, -3.69681, -3.73582, -3.37825, -3.51915, -2.83933, -3.81984, -3.50375, 
2001_0: -2.88029, -1.54051, -3.02565, -3.14992, -1.17613, -2.63809, -2.40388, -3.27305, -3.70256, -1.63462, -3.60505, -2.08313, -3.50908, -3.14736, -2.87984, -3.36847, -3.55558, -3.36654, -3.48565, -2.72348, -4.32629, -2.71347, -3.12361, -4.52553, -2.07231, -3.80294, -6.0844, -3.33501, -2.68091, -1.05791, -3.09426, -1.34314, -6.43639, -2.91005, -2.95117, -3.18894, -3.64204, -2.06601, -4.12438, -2.90206, 
2013_4: -4.70377, -2.09717, -3.9683, -3.42899, -2.94403, -4.04612, -4.88743, -4.55909, -2.89395, -3.14268, -2.64557, -3.45351, -4.02607, -3.72167, -3.10312, -3.10674, -2.94827, -4.30119, -1.93577, -4.87655, -2.94339, -2.95407, -3.97677, -2.86862, -2.55518, -3.32813, -4.2435, -2.96273, -2.87083, -3.01413, -3.9116, -4.70341, -4.38914, -3.11184, -3.32378, -3.2307, -3.5826, -3.31134, -2.97249, -2.9226, 
2015_2: -3.99997, -1.78385, -3.35573, -3.96472, -2.6307, -3.66781, -3.95965, -3.59835, -2.90639, -2.27395, -2.5683, -2.18875, -4.04944, -2.74081, -3.25108, -3.07897, -3.77194, -3.79531, -2.3102, -3.48368, -3.25542, -2.14027, -2.93222, -3.31896, -2.79938, -4.1867, -3.19793, -2.56215, -2.48418, -2.14127, -3.50728, -3.42124, -6.0759, -3.2747, -3.44928, -3.09972, -3.83039, -3.03386, -4.07301, -3.32979, 
2000_2: -2.91383, -2.41477, -2.76614, -3.13037, -1.94842, -2.45247, -2.45349, -4.16125, -3.16517, -2.52614, -3.16776, -2.77577, -2.73632, -3.03065, -2.63884, -3.36337, -3.70501, -3.31325, -2.47346, -2.97955, -2.97317, -3.47942, -3.20966, -3.61433, -2.09377, -3.11981, -3.21805, -2.52778, -2.23253, -1.56938, -3.47131, -2.52919, -3.11929, -2.74732, -2.61939, -3.35739, -6.18448, -2.64288, -3.0775, -5.62384, 
2003_3: -3.10589, -1.36643, -4.53684, -3.87254, -2.31254, -3.53867, -3.17109, -4.01303, -5.29015, -2.29482, -2.90166, -2.71226, -3.93832, -4.22517, -3.25541, -3.69204, -8.32307, -3.72641, -2.98171, -3.26152, -3.16474, -2.67241, -3.81574, -3.01204, -2.56287, -3.62015, -3.57434, -3.55807, -2.3147, -1.98169, -3.47902, -2.94611, -3.42486, -3.50692, -3.10305, -3.52108, -4.41632, -3.16211, -3.33945, -3.25483, 
1999_3: -3.70401, -1.94479, -3.34193, -3.7714, -2.22967, -3.55834, -3.27922, -3.49121, -3.61338, -2.64747, -2.93532, -3.15598, -2.97771, -3.48611, -3.03306, -3.66612, -3.91667, -3.42893, -2.33752, -3.73973, -2.96082, -2.90292, -3.40239, -3.27767, -2.50605, -3.53722, -3.62367, -3.96471, -2.49913, -1.92563, -3.79687, -2.50602, -3.5939, -3.46106, -3.35549, -5.49498, -5.51819, -2.88041, -4.15721, -2.53357, 
1999_5: -3.63219, -1.96264, -4.13795, -4.6554, -3.19208, -4.08539, -4.20161, -3.43999, -6.61449, -3.53086, -3.11672, -6.22175, -2.53724, -4.17324, -3.75348, -3.96106, -4.29521, -3.18537, -2.96799, -4.52833, -2.94398, -2.40359, -3.86531, -3.66413, -2.54564, -2.88356, -3.67348, -4.22165, -2.68657, -2.65603, -4.11139, -3.64771, -4.8002, -4.77446, -3.52076, -4.03358, -6.12366, -3.3762, -2.36018, -3.13565, 
2002_5: -3.7401, -1.91081, -3.49439, -3.77065, -3.33171, -3.94943, -4.29889, -4.15775, -3.33803, -3.66137, -2.52291, -3.55162, -3.03535, -4.09845, -3.64095, -3.54511, -4.46701, -3.8842, -2.45597, -3.62175, -3.05525, -2.19061, -3.87946, -2.95783, -2.3862, -2.57399, -3.86573, -4.164, -2.64563, -2.36551, -4.07176, -4.05137, -4.13135, -4.03644, -3.34528, -4.02026, -4.4725, -3.00716, -2.5347, -3.02899, 
2006_0: -3.22766, -1.85855, -3.30481, -3.0473, -3.05941, -2.9742, -2.68866, -3.17034, -4.09149, -2.79351, -3.2452, -2.95737, -3.61373, -4.09564, -3.31691, -3.71987, -4.10413, -3.29669, -2.80052, -3.83543, -3.66519, -3.21953, -4.35553, -3.60983, -5.16903, -4.03919, -2.95117, -2.6453, -2.3305, -2.29712, -3.6171, -2.33115, -4.00929, -3.34793, -3.64666, -4.02758, -4.21841, -2.70071, -3.48008, -3.42925, 
2013_0: -3.01329, -1.92983, -4.1609, -3.93399, -2.43736, -3.37301, -3.02798, -3.84887, -5.691, -2.26727, -2.73327, -2.39173, -3.92665, -3.16217, -2.63682, -3.96923, -4.57907, -4.01306, -2.3229, -3.90599, -2.87007, -2.58983, -3.62006, -3.04966, -2.23899, -4.11919, -3.40615, -2.65063, -2.82336, -2.06421, -3.67555, -2.53192, -3.51938, -3.45363, -3.33064, -3.17749, -4.29243, -2.92908, -3.51764, -3.22129, 
1997_1: -3.39572, -1.49565, -3.1212, -4.86688, -1.77059, -4.11978, -2.16256, -3.44156, -3.37763, -2.14974, -3.24546, -2.58405, -3.5633, -3.678, -3.12033, -4.21075, -3.85112, -7.89936, -2.76261, -3.56974, -2.30201, -2.79065, -3.47541, -3.70705, -2.65457, -3.71675, -3.98767, -3.44391, -2.2812, -1.64525, -3.6515, -1.40279, -3.60736, -3.6326, -3.38783, -3.82595, -3.99473, -2.87971, -3.1427, -3.30571, 
2014_5: -4.23411, -2.14557, -4.45111, -3.21562, -3.3698, -4.05709, -5.07155, -4.4589, -2.87281, -3.94657, -2.67527, -3.98224, -3.51755, -3.56844, -4.73253, -3.55872, -4.93343, -4.76739, -2.52904, -4.66224, -3.26756, -3.02492, -3.69867, -2.54155, -3.02312, -2.81335, -3.73091, -3.08929, -4.07014, -2.72239, -4.14185, -4.33846, -3.99453, -3.37212, -4.14616, -2.88124, -4.68448, -3.72214, -2.55202, -2.24165, 
2015_3: -3.35088, -2.02152, -3.56601, -4.31716, -2.7004, -3.96522, -4.19347, -3.95233, -2.86134, -2.49559, -2.55002, -2.45508, -4.29349, -2.75321, -3.27625, -3.60826, -3.86842, -4.50769, -2.11995, -4.2026, -3.14808, -2.07511, -2.9437, -2.9757, -2.8332, -4.47216, -3.85355, -2.23818, -2.7995, -2.17992, -3.57777, -3.26518, -3.42881, -3.48238, -3.75099, -2.76144, -3.57921, -2.90866, -4.25286, -3.59144, 
2006_2: -3.25972, -2.01524, -3.5576, -3.99198, -2.50232, -4.00558, -3.15788, -3.73052, -5.22302, -2.62274, -2.89593, -2.78387, -3.89516, -4.00573, -3.09781, -3.77264, -4.19399, -4.46376, -2.63328, -4.06836, -2.97261, -2.53566, -4.11364, -3.13816, -2.89436, -3.9976, -2.87369, -2.68582, -2.42882, -2.82865, -3.4919, -3.22129, -3.73166, -3.31852, -3.65466, -4.3524, -4.7969, -5.35678, -3.96731, -3.24919, 
2009_3: -3.71572, -2.08162, -4.35432, -4.13735, -2.64743, -3.95478, -4.29538, -4.6439, -3.50801, -2.69828, -2.87092, -2.69766, -4.00275, -4.08373, -3.18885, -3.56827, -3.52864, -4.23516, -2.35765, -4.35827, -3.72545, -2.81088, -4.39172, -2.89612, -2.74459, -3.96454, -3.60522, -2.61649, -2.55415, -2.54804, -3.92978, -3.76531, -3.77845, -3.83961, -3.36077, -7.41251, -4.16273, -3.00925, -3.32428, -2.99893, 
2016_5: -4.1394, -1.75444, -3.7726, -3.7121, -4.07134, -3.87426, -5.37086, -3.69782, -2.49003, -4.20343, -2.30794, -4.0451, -4.25167, -2.24592, -3.68214, -3.11033, -3.15936, -3.55246, -2.15449, -4.01516, -2.68536, -2.81043, -10.5699, -3.17727, -2.38406, -3.32547, -4.51394, -3.24571, -2.94243, -2.73601, -4.0959, -5.73568, -4.12151, -3.60074, -4.03565, -2.52318, -3.6179, -3.90906, -3.06229, -2.50297, 
2013_5: -4.68283, -2.32989, -4.17165, -3.13222, -3.81355, -3.47882, -4.77602, -4.74849, -2.65814, -4.61433, -2.75759, -3.98418, -3.53258, -2.95968, -4.13265, -3.11744, -2.84435, -3.90676, -2.31875, -4.70468, -3.13173, -3.11793, -3.66721, -3.07806, -2.52741, -3.61195, -4.16158, -3.46448, -3.10739, -2.85169, -4.82586, -6.23383, -4.67795, -3.87474, -3.37811, -2.5506, -3.38329, -3.58764, -3.02421, -3.25888, 
2007_3: -3.53372, -2.17449, -3.53882, -3.57922, -2.70274, -3.11677, -7.86502, -3.98078, -3.85926, -2.63013, -2.64994, -2.94544, -3.44699, -3.64384, -3.51826, -4.38236, -3.88512, -4.57834, -2.58089, -4.30052, -3.03817, -2.75871, -4.25325, -3.00845, -2.83638, -3.93857, -3.11518, -2.24037, -2.66707, -2.48681, -3.58401, -3.04546, -4.49113, -3.28198, -3.54836, -3.84553, -3.92877, -2.99597, -3.04572, -3.3989, 
2002_1: -3.53011, -3.30674, -3.22878, -3.67573, -1.79858, -2.82848, -2.15435, -4.16779, -5.7918, -2.08937, -2.61748, -2.23822, -3.97263, -3.96998, -3.30383, -4.79082, -4.15449, -4.17326, -3.74075, -2.98521, -3.14405, -2.64211, -2.96956, -3.4875, -2.49227, -3.77937, -3.8089, -5.33925, -2.09795, -1.62098, -3.44419, -1.77361, -3.59441, -4.02416, -3.54647, -4.22069, -4.34769, -2.59472, -3.57486, -3.68467, 
2014_3: -4.42311, -2.21173, -3.83567, -3.3943, -2.64704, -3.80878, -4.03585, -4.29225, -2.96704, -2.40956, -2.23507, -2.77227, -3.55955, -2.8434, -3.0014, -3.39406, -4.46497, -3.84201, -2.1724, -4.1527, -2.79214, -2.41533, -3.2293, -2.86969, -2.64337, -3.5434, -3.1185, -2.37756, -3.22756, -2.45143, -3.8673, -3.6011, -3.98175, -3.12536, -3.58324, -3.02024, -5.77935, -3.10246, -3.37361, -2.44073, 
2002_3: -3.44135, -1.67826, -3.31075, -5.73001, -2.27571, -3.04538, -3.38545, -3.98639, -4.35891, -2.45876, -2.79342, -2.29555, -3.36855, -3.81793, -3.30422, -3.71512, -4.36265, -3.99296, -3.26395, -3.50026, -2.89961, -2.62065, -3.96587, -7.14932, -2.23018, -3.97516, -3.75033, -3.88403, -2.68763, -2.25263, -3.79794, -2.68069, -3.92226, -3.57466, -3.32819, -3.66101, -7.49721, -2.69448, -3.14442, -2.82972, 
2005_4: -3.70196, -1.92078, -3.882, -4.04211, -2.72319, -3.62441, -4.4881, -4.01113, -3.49964, -3.01131, -3.14746, -3.0767, -3.16995, -4.07884, -3.77331, -3.31936, -6.17557, -4.11172, -2.2354, -4.00974, -3.68435, -2.72471, -3.61594, -3.48139, -2.57194, -3.71186, -5.22013, -2.64543, -2.62927, -2.73386, -4.25891, -3.91279, -4.65675, -3.27754, -3.54529, -4.38341, -3.71439, -3.36852, -3.39487, -3.22063, 
2005_0: -2.60861, -1.47872, -3.05039, -3.94329, -1.92468, -2.94914, -2.61565, -4.37404, -4.15586, -2.51821, -3.27147, -2.98505, -3.82584, -4.04692, -3.00434, -4.22541, -4.35588, -4.47386, -3.88099, -3.82234, -3.79491, -2.80573, -3.92469, -3.94473, -2.1314, -4.18211, -3.27055, -2.22456, -2.19494, -2.16799, -3.48874, -2.06726, -3.78826, -4.09063, -3.59474, -3.78259, -4.46917, -2.73549, -3.48438, -3.31346, 
2014_0: -3.16877, -1.49124, -3.76345, -3.56893, -2.57273, -3.69862, -3.71629, -3.53134, -3.34894, -2.46227, -2.64521, -2.62282, -4.33848, -3.2709, -2.81467, -3.25184, -4.79001, -4.03412, -2.40423, -3.94827, -2.96798, -2.81459, -3.80442, -3.48041, -2.65134, -3.83818, -2.91493, -2.62237, -2.90234, -2.15503, -3.26648, -2.95332, -3.05545, -2.93861, -5.96046, -3.04887, -6.26185, -3.12495, -3.5999, -2.71443, 
2007_0: -3.21306, -2.67147, -3.19797, -5.43077, -2.08434, -3.21878, -2.6249, -3.38531, -4.99495, -2.7709, -3.25962, -2.69976, -5.34312, -3.67472, -3.46869, -4.11932, -4.70712, -3.77085, -2.77005, -3.93832, -2.76349, -2.59068, -4.21282, -3.95256, -2.23913, -4.75485, -2.56497, -2.49149, -2.43124, -2.2905, -3.63556, -2.5359, -4.05886, -3.84467, -3.94235, -3.39378, -6.89273, -2.9167, -3.5355, -3.57157, 
2010_1: -3.08148, -3.65449, -4.03692, -3.54049, -2.42147, -3.36871, -3.42322, -3.30059, -4.00126, -2.47511, -2.85208, -2.47968, -3.94788, -3.36739, -3.21351, -3.57205, -4.68709, -3.84752, -2.84491, -4.07368, -2.96368, -2.95366, -3.75716, -2.95081, -2.56748, -3.68269, -3.1083, -2.63054, -2.47431, -2.89584, -3.44312, -2.93626, -3.52123, -3.58196, -6.32292, -3.8012, -4.61662, -2.68817, -3.55797, -2.97327, 
2010_0: -3.71949, -2.43723, -3.76382, -3.41199, -2.55421, -3.65152, -3.54983, -2.85533, -3.82101, -2.51987, -3.10651, -2.61827, -4.12382, -3.66018, -3.13196, -3.66081, -4.38607, -3.9184, -2.28335, -3.58979, -3.52881, -2.85381, -5.54824, -3.80401, -3.11645, -3.77963, -2.51502, -2.81062, -2.29062, -2.64515, -3.66852, -2.42059, -4.0729, -3.95013, -3.40787, -3.62927, -4.23391, -3.27597, -3.41218, -3.89946, 
2008_2: -8.70604, -1.73359, -3.54901, -4.05875, -2.52638, -3.42151, -3.85515, -4.07226, -3.5268, -2.481, -3.14318, -2.77622, -3.51411, -4.00554, -3.95057, -4.30768, -4.48067, -4.69905, -2.64635, -4.00582, -2.75504, -2.64444, -4.03205, -3.10794, -2.69477, -3.81929, -4.0643, -2.26232, -2.6582, -2.21195, -3.97436, -2.69275, -4.20163, -3.41153, -3.50503, -3.42409, -4.44981, -2.79316, -3.32634, -3.50044, 
2011_1: -3.09407, -1.86859, -3.43787, -3.9761, -2.31334, -3.21287, -3.39651, -3.15907, -3.78985, -2.20142, -2.73075, -2.37168, -4.62904, -4.07154, -3.47175, -4.01754, -4.12843, -4.35584, -2.56739, -5.39909, -2.87665, -2.69312, -3.29115, -3.07155, -2.52655, -5.88588, -3.23969, -2.29115, -2.43508, -2.09973, -3.37696, -2.72521, -3.21026, -3.85997, -3.62833, -3.12237, -4.64105, -2.76099, -4.18126, -3.53263, 
2005_2: -3.07104, -2.187, -3.40526, -3.72978, -2.43992, -2.9324, -3.82774, -4.18981, -4.38657, -2.75783, -3.09259, -2.98576, -3.58563, -4.28102, -3.2425, -3.87757, -4.1727, -4.51348, -2.79081, -4.0035, -3.34242, -2.75247, -3.79081, -3.96968, -2.58948, -3.96116, -3.5602, -2.4607, -2.35181, -2.25739, -5.72079, -2.64675, -3.82973, -17.8323, -7.00223, -4.76168, -4.06807, -3.02461, -3.35949, -3.67022, 
2004_3: -2.61346, -1.56828, -3.36591, -3.93882, -2.12846, -2.70368, -3.11395, -3.68478, -3.45819, -2.03352, -2.60692, -2.23198, -3.89217, -4.57429, -3.0161, -4.01448, -4.01484, -3.73256, -2.40313, -3.36679, -2.65394, -2.22766, -4.56617, -3.22426, -2.95052, -3.9523, -3.52939, -2.1332, -2.14384, -1.30373, -2.93246, -2.02945, -3.39865, -3.32017, -3.30573, -4.28503, -4.22935, -2.11822, -5.5117, -2.8322, 
2000_4: -3.25563, -1.98123, -3.33449, -3.53594, -2.99968, -3.31221, -3.98992, -3.49373, -3.60084, -2.85726, -3.52211, -3.6322, -2.52104, -6.45616, -3.24005, -3.54884, -4.18297, -3.32807, -2.81103, -3.64201, -2.86885, -2.33007, -3.83915, -3.36483, -2.12621, -3.41691, -3.67396, -3.86808, -2.37916, -2.05054, -4.79628, -3.17136, -3.87802, -3.29776, -3.21944, -3.66158, -4.12372, -2.72883, -2.43216, -3.03041, 
1998_4: -3.28147, -2.58253, -4.10387, -4.43599, -2.41798, -3.79717, -3.68624, -3.62784, -2.99669, -3.08769, -2.86751, -3.13228, -4.16286, -3.70668, -3.60884, -3.45091, -3.77613, -3.47676, -2.04741, -4.02595, -3.08103, -2.43786, -3.42931, -2.89542, -2.55021, -3.40235, -3.67881, -3.09473, -2.77374, -2.43982, -3.70333, -3.29587, -4.45239, -3.08081, -3.35582, -3.52578, -3.60958, -2.81531, -3.08067, -2.55734, 
1999_0: -2.20921, -1.50114, -2.47582, -3.31181, -1.63474, -2.73681, -1.69275, -3.06364, -3.64137, -2.00352, -2.62455, -2.0252, -2.96899, -3.10423, -2.29503, -2.94568, -3.41854, -3.0035, -2.63435, -2.52071, -2.82949, -2.48629, -2.87205, -2.95993, -2.15065, -3.02415, -3.05808, -3.03348, -2.8161, -0.8946, -2.91711, -1.29506, -2.96134, -2.78991, -3.92615, -3.15475, -3.4508, -2.36631, -2.87701, -2.56743, 
2004_4: -3.50223, -1.71521, -3.21993, -3.49109, -1.90317, -3.52791, -3.25633, -3.79223, -2.85594, -2.02564, -2.64055, -2.50112, -3.95879, -3.46256, -3.36243, -3.9096, -3.92622, -3.67895, -2.30921, -3.04468, -2.56069, -2.08471, -3.34275, -3.03433, -2.16472, -3.99375, -3.60809, -2.18618, -2.41911, -1.73004, -3.24431, -2.49157, -3.34196, -3.69423, -3.08731, -3.77128, -5.51982, -2.53646, -3.71931, -3.40774, 
1998_1: -3.54999, -1.65784, -3.24279, -3.50627, -1.75909, -2.66643, -2.55662, -3.59147, -3.6127, -2.78958, -3.52859, -3.08766, -5.13067, -3.38321, -2.97271, -3.72428, -3.8527, -3.51364, -2.60972, -3.20255, -3.40423, -3.04624, -3.58395, -3.37817, -2.13865, -3.72946, -5.2042, -4.21331, -2.38161, -1.59731, -3.31001, -1.85304, -3.22057, -3.21118, -3.09024, -4.03839, -3.91198, -2.56233, -3.26895, -3.67083, 
2003_2: -2.99495, -2.03429, -3.12228, -3.8641, -2.07394, -2.87497, -3.05402, -4.13561, -3.78174, -2.73671, -3.31859, -2.83842, -4.01668, -3.61777, -4.95448, -3.98903, -4.53314, -3.98331, -2.65347, -3.4163, -3.18313, -2.50748, -3.89624, -3.61341, -2.24751, -4.3331, -4.10344, -3.85348, -2.25938, -1.93843, -3.60868, -2.00292, -3.69681, -3.3471, -3.31434, -4.2318, -4.46329, -2.44646, -3.4841, -3.35573, 
2003_0: -2.02995, -1.43022, -3.04761, -3.09364, -1.40762, -2.58664, -2.54343, -5.86968, -3.31322, -2.13015, -3.77321, -2.27911, -3.18514, -3.33464, -2.43493, -3.47358, -4.43618, -3.49629, -2.93236, -2.90563, -2.36771, -2.96895, -3.67076, -3.46108, -2.09895, -3.32565, -3.72882, -4.0104, -2.49503, -1.18645, -3.53966, -1.26456, -3.18928, -2.99124, -2.72163, -4.59224, -3.56827, -2.55328, -5.24895, -3.15478, 
2000_5: -3.52602, -1.73283, -3.80279, -4.94077, -3.58149, -3.69234, -4.79754, -3.44721, -2.9124, -3.51545, -2.8545, -4.12551, -2.87364, -3.87876, -3.33645, -3.52242, -4.10458, -3.29537, -2.80536, -4.83188, -2.78115, -2.43107, -3.94671, -2.92994, -2.45491, -2.68662, -3.13558, -3.53296, -1.93708, -2.55919, -3.74324, -6.28514, -3.94986, -2.9555, -2.78933, -3.61081, -4.06666, -2.9973, -2.44813, -4.30161, 
2008_3: -3.35418, -1.9968, -3.93753, -3.79006, -2.79348, -3.26833, -4.12408, -3.84314, -3.50615, -2.70613, -2.61215, -2.96069, -3.70301, -4.24432, -3.54839, -3.52699, -3.88084, -4.48765, -2.55828, -4.12346, -2.64557, -2.45691, -4.14945, -2.94695, -2.5204, -4.01464, -4.16474, -2.67403, -2.40199, -2.42016, -4.31261, -3.37614, -4.20843, -3.01871, -3.70729, -3.41891, -4.17077, -2.71011, -3.52188, -3.25999, 
2013_1: -3.44888, -6.17029, -3.69479, -3.92271, -2.39719, -3.42341, -3.78757, -4.13743, -3.49789, -2.58321, -2.73613, -2.94085, -4.11107, -3.63663, -3.02005, -3.71492, -4.8475, -3.98364, -2.42514, -4.19776, -3.1037, -3.41668, -3.52778, -3.01037, -2.51591, -3.89222, -4.14366, -2.55503, -2.95429, -2.31314, -3.79897, -3.06007, -4.28598, -3.88489, -3.88819, -3.09858, -4.99397, -3.48575, -3.40647, -3.15765, 
2005_3: -3.49652, -2.38001, -3.41232, -4.26384, -2.87704, -3.11638, -4.33719, -4.28017, -3.79105, -2.82787, -2.78963, -3.04357, -3.83152, -4.38445, -3.53941, -3.59071, -4.28006, -4.37005, -2.44659, -3.83757, -3.07808, -2.7368, -3.63019, -3.4193, -2.47056, -3.79457, -3.43023, -2.72678, -2.40025, -2.28855, -4.17009, -3.34066, -4.28496, -3.28918, -4.33306, -3.93054, -3.90213, -2.80531, -3.15244, -3.37461, 
2000_1: -3.02909, -1.58125, -3.38391, -3.76901, -1.70191, -2.67388, -2.07197, -3.62058, -3.95947, -2.22825, -3.31249, -2.60952, -3.26896, -3.89785, -3.09398, -3.88229, -4.26327, -3.95687, -2.91991, -3.47157, -3.66024, -2.77776, -3.9672, -3.67418, -2.04813, -3.56643, -3.25727, -3.37857, -2.17674, -1.60629, -3.75997, -1.92619, -3.82517, -3.39078, -3.88885, -3.82656, -6.8506, -4.10977, -3.47178, -3.58472, 
2015_5: -3.6453, -1.76834, -3.59078, -4.27917, -3.56099, -2.87304, -4.18593, -3.9651, -2.36563, -3.70981, -2.60437, -3.49982, -4.87064, -2.2394, -3.83622, -2.91643, -2.36212, -3.90681, -2.22879, -4.18579, -3.02087, -2.23613, -3.10715, -5.12667, -2.64956, -4.51576, -4.11007, -3.76594, -2.70804, -2.35922, -3.93018, -4.31467, -3.76859, -3.52784, -4.0268, -2.28774, -2.71577, -3.99254, -5.26486, -3.732, 
2006_5: -4.2864, -2.78656, -4.15252, -3.0891, -3.81316, -3.89356, -4.86676, -4.80609, -3.20234, -4.32066, -2.77535, -4.05426, -3.1665, -4.21673, -4.33224, -3.41525, -3.14132, -4.35669, -4.48534, -6.44829, -2.7486, -2.65512, -3.83935, -3.02229, -2.78791, -2.74917, -3.80685, -3.1556, -2.84724, -3.51484, -4.24467, -4.48707, -4.70417, -27.6475, -3.10075, -4.137, -4.31385, -3.62727, -2.86044, -3.26621, 
2000_0: -2.85476, -1.31248, -2.67968, -3.83241, -2.03813, -2.45031, -1.81445, -2.87561, -2.90714, -2.32149, -2.72981, -2.33518, -2.98124, -2.9572, -2.26846, -3.21828, -3.05046, -3.11632, -2.73928, -2.78951, -2.35743, -2.23995, -8.28597, -2.98649, -1.81601, -2.87378, -3.19214, -2.81646, -3.68707, -4.89908, -2.74084, -1.3106, -3.27916, -5.63047, -2.78314, -3.9363, -3.30486, -1.98022, -4.23084, -2.5904, 
2002_2: -3.16986, -1.63151, -2.87988, -3.47147, -3.66315, -2.83004, -2.4555, -3.52651, -3.31614, -2.16761, -3.1692, -2.27244, -3.30483, -3.70179, -2.88863, -3.83997, -3.76969, -3.65917, -3.30796, -2.95666, -2.89429, -2.99038, -3.52233, -4.48794, -2.24014, -3.59204, -3.58571, -3.4988, -2.70898, -1.76483, -3.60405, -2.16055, -3.67857, -6.90918, -3.25109, -3.82412, -3.93202, -2.90211, -3.49708, -3.26543, 
2010_3: -3.74924, -2.22844, -4.04103, -4.12662, -2.80316, -3.6484, -4.38004, -3.89547, -3.67253, -2.76062, -2.75793, -2.72675, -3.37075, -3.80796, -3.19116, -3.65785, -4.11933, -3.97951, -2.41527, -4.53844, -3.27561, -2.38271, -3.94598, -2.7428, -2.89957, -4.17433, -4.00892, -2.60744, -2.78709, -2.32771, -3.7442, -3.35746, -4.11562, -3.45997, -3.54306, -3.46838, -4.12844, -2.99697, -3.43669, -2.89335, 
2010_2: -3.49885, -7.45106, -3.87319, -3.93785, -2.17312, -4.11838, -3.82532, -3.67169, -4.12992, -2.47212, -2.48146, -2.68193, -3.90434, -3.95334, -2.94266, -4.02445, -4.51456, -3.96009, -2.45973, -3.79398, -3.2885, -2.57686, -3.57644, -3.26293, -2.61903, -3.97858, -3.1279, -2.6784, -2.53713, -2.24065, -3.61073, -3.28991, -3.53283, -3.55486, -3.69284, -3.598, -4.84403, -3.02962, -3.62166, -2.84288, 
2011_4: -3.9543, -2.18291, -3.48087, -3.92286, -2.6259, -3.5894, -4.18537, -4.50333, -3.60396, -2.49694, -2.25696, -2.67845, -4.30129, -3.68345, -3.99151, -3.59723, -2.73512, -4.72345, -2.19528, -4.2697, -3.22979, -2.3874, -4.09558, -3.52692, -2.91443, -5.73914, -3.87608, -2.30494, -2.61827, -2.2312, -3.92422, -2.84748, -3.74157, -3.37174, -3.4991, -2.79146, -3.53725, -3.18635, -4.3509, -3.54518, 
2001_1: -2.60008, -1.2127, -2.73653, -4.0492, -1.29882, -2.59623, -5.46647, -3.08607, -2.95994, -2.03518, -2.81695, -1.5372, -3.45583, -3.22323, -3.07383, -3.2378, -8.3681, -3.09939, -3.38087, -2.44508, -2.73208, -2.93372, -2.94734, -2.88301, -2.85605, -3.46137, -3.1819, -3.82354, -2.25475, -1.1362, -2.9825, -1.32693, -6.9997, -3.57656, -2.89595, -3.24364, -3.4037, -2.35614, -3.33987, -2.959, 
2001_2: -3.09104, -1.01756, -3.08238, -3.53198, -1.56016, -2.98084, -2.42705, -3.59434, -3.28805, -1.63252, -3.23087, -1.65613, -3.61839, -3.51962, -3.11312, -4.09408, -3.70684, -5.60507, -3.51728, -2.95853, -2.60358, -3.32981, -3.33127, -3.53749, -2.32659, -3.77048, -3.69392, -3.53334, -2.73126, -1.29156, -3.15512, -1.55902, -3.62434, -3.91639, -3.2818, -3.75411, -3.89641, -2.23939, -4.01649, -7.48821, 
2011_2: -2.98539, -1.59341, -3.79986, -4.01043, -2.08292, -3.28473, -3.57895, -3.41321, -3.36308, -2.30861, -3.08369, -2.47118, -4.40292, -3.51402, -2.93707, -3.43295, -3.59981, -3.64449, -2.63243, -3.56804, -2.88648, -2.66607, -3.57633, -3.01653, -2.6736, -4.33634, -3.36436, -2.56775, -2.58709, -1.94905, -3.38028, -2.35483, -3.453, -3.17523, -3.83783, -3.3502, -3.86349, -2.78505, -5.3392, -3.37489, 
2009_5: -4.90189, -2.15571, -4.26735, -3.42334, -3.69689, -3.41088, -5.09963, -4.56375, -2.78549, -4.29633, -2.57747, -4.11515, -3.76782, -4.12292, -3.83181, -3.11544, -2.92092, -4.01619, -2.54777, -4.2109, -2.85355, -2.94834, -4.11712, -2.99514, -2.86812, -2.87327, -4.0626, -10.4705, -3.05649, -3.05718, -4.7152, -4.65897, -4.57765, -3.6068, -3.02959, -3.45814, -3.6325, -3.72565, -2.8904, -3.24596, 
1999_4: -3.22029, -1.7485, -5.56915, -3.69044, -2.68835, -3.24597, -4.03953, -3.47232, -2.91614, -2.64576, -2.59308, -3.35546, -2.72044, -3.551, -3.48114, -3.58473, -3.9076, -3.57191, -2.7317, -3.62841, -2.79347, -2.38966, -3.39094, -3.38749, -1.97279, -3.35388, -3.80927, -3.68988, -2.39325, -2.16429, -3.53999, -3.19403, -3.7586, -3.54525, -2.95117, -3.84329, -4.58909, -2.97885, -2.98229, -3.19662, 
1997_3: -3.28424, -1.95515, -3.49111, -5.29916, -2.52857, -3.35864, -3.08767, -3.72442, -3.89011, -2.23338, -2.52443, -2.74152, -2.9115, -3.55772, -3.63218, -3.61099, -5.24983, -3.144, -2.57969, -3.52992, -3.13074, -3.07127, -3.30453, -3.64992, -2.0275, -3.11525, -3.63514, -3.62536, -2.15424, -2.22655, -5.49395, -2.43109, -3.81617, -2.68262, -2.91953, -3.24546, -4.04383, -3.14109, -4.09628, -3.54655, 
2003_1: -2.53654, -1.56478, -3.16722, -3.9283, -1.45847, -2.63164, -2.02068, -3.87748, -3.64038, -1.95963, -3.28044, -2.44757, -3.48989, -4.79552, -2.49655, -3.58656, -4.14916, -4.17813, -3.27967, -3.34815, -3.44125, -2.87726, -3.90938, -3.93484, -2.18208, -4.81049, -3.74421, -3.92889, -2.19296, -1.61737, -3.24135, -1.56776, -3.4703, -6.06302, -3.36422, -3.94128, -4.24507, -2.767, -3.67801, -3.67611, 
2016_2: -9.77451, -1.79214, -3.18972, -3.7417, -2.66982, -3.41617, -4.4469, -3.90222, -2.42902, -2.87176, -2.64726, -2.92941, -4.65101, -2.74384, -3.14063, -3.75281, -4.04488, -3.6519, -1.95175, -4.31144, -2.74154, -2.49082, -3.30343, -2.52237, -2.76654, -4.10644, -3.54042, -2.35565, -3.05341, -2.5609, -3.68556, -3.93887, -3.60331, -3.28869, -4.35263, -2.61674, -3.98346, -3.53737, -3.47922, -2.76083, 
2017_5: -3.32721, -1.50092, -3.10073, -3.30637, -3.04904, -2.62237, -3.48868, -3.30221, -2.81758, -3.44249, -2.09459, -3.0365, -3.06313, -1.73902, -4.40583, -2.98449, -2.01401, -3.06493, -2.87026, -6.5352, -3.4007, -2.36284, -2.85727, -2.96806, -2.62335, -3.30401, -3.22191, -2.87075, -2.68388, -2.24359, -3.42945, -5.82241, -3.36503, -3.08238, -3.0293, -2.01284, -2.54491, -3.21055, -4.26298, -3.18787, 
2012_0: -3.49457, -2.10857, -3.68303, -3.39393, -2.37581, -3.57441, -3.40186, -3.41002, -4.25087, -2.41998, -2.311, -2.6699, -3.88335, -3.34486, -3.34353, -3.22293, -4.47324, -3.90228, -2.68399, -4.26938, -3.33, -3.3528, -3.74513, -3.01755, -2.67277, -4.49656, -2.67729, -2.62734, -2.32484, -2.21582, -3.88086, -2.94503, -3.13608, -3.21698, -3.74577, -3.23527, -4.46198, -3.00888, -3.66161, -3.65715, 
2001_3: -2.84116, -1.35321, -4.15556, -4.24509, -1.6789, -3.0594, -2.822, -3.54803, -3.89986, -1.96638, -2.76861, -2.25344, -3.78672, -4.16004, -3.07435, -3.51862, -3.62088, -3.45624, -2.90646, -3.46368, -2.99838, -2.43545, -2.95206, -3.00954, -2.00734, -4.13273, -3.82714, -3.32364, -2.10165, -1.07322, -3.81825, -1.79724, -3.28198, -3.03279, -3.18032, -3.34575, -3.78003, -2.18725, -7.60515, -2.87786, 
2007_2: -3.14635, -1.82489, -3.46095, -4.23851, -2.34494, -3.00382, -4.91929, -3.89841, -4.25861, -2.52258, -2.79526, -2.87309, -3.75329, -4.20432, -3.37453, -3.88867, -4.74721, -5.20331, -3.26222, -3.80876, -2.87183, -2.66994, -3.26493, -3.42076, -2.52741, -3.62969, -3.27692, -2.55229, -2.49837, -2.23147, -5.08901, -2.76149, -4.15408, -3.29144, -3.34924, -7.86893, -4.68245, -3.04715, -3.12942, -3.7048, 
2003_5: -4.35995, -1.98954, -3.85121, -3.75765, -3.27659, -3.82398, -4.36658, -3.68112, -3.28504, -3.51891, -3.07597, -5.39585, -2.7207, -4.35432, -3.47494, -4.52869, -4.43528, -3.90055, -2.45849, -4.21851, -3.06434, -2.86731, -3.69237, -2.91821, -2.30091, -2.33319, -3.8849, -3.69977, -2.48499, -2.92302, -4.22551, -3.86826, -4.4322, -3.88043, -2.93482, -4.11985, -4.26477, -3.1604, -2.77827, -3.53496, 
1997_0: -2.5101, -1.05862, -2.61008, -2.77285, -1.29333, -2.18066, -2.19161, -2.75899, -3.09847, -1.81611, -2.9085, -1.74617, -2.86308, -2.69643, -2.03929, -3.20139, -2.9953, -3.13529, -1.88739, -2.56498, -3.02932, -2.46718, -2.88258, -2.93988, -1.88086, -3.03495, -3.72534, -2.62846, -1.64116, -1.44591, -2.77229, -1.3578, -2.46673, -2.71771, -3.46106, -3.06431, -2.95324, -2.50821, -2.86367, -2.33607, 
2002_0: -2.64533, -1.57138, -3.11598, -3.39505, -1.38832, -2.48501, -2.1214, -3.51942, -3.77832, -1.99785, -7.40043, -1.8688, -3.30611, -3.09344, -2.39432, -3.53297, -3.45209, -3.35922, -2.79647, -3.13383, -2.81473, -2.77785, -2.88809, -3.47903, -3.00996, -3.64406, -3.25438, -3.08175, -3.61363, -1.32774, -3.26619, -1.40124, -3.26754, -2.82806, -3.25645, -3.14245, -4.44322, -2.34307, -3.35934, -3.24918, 
1999_1: -2.8882, -1.25329, -2.8818, -3.79449, -2.16134, -2.53238, -2.52635, -6.26034, -3.56686, -2.5193, -2.91531, -2.64157, -2.97987, -3.50735, -2.91083, -3.5958, -3.85353, -3.26791, -3.13777, -3.15585, -2.69356, -3.40807, -3.25725, -3.28199, -2.07702, -3.61084, -3.74975, -6.32502, -3.22175, -1.43912, -3.61961, -2.2051, -3.34612, -6.89124, -2.9755, -3.44079, -3.96637, -2.91082, -3.38822, -7.09066, 
2003_4: -6.1864, -2.0235, -4.58744, -3.72367, -3.03283, -3.52209, -4.25283, -3.74865, -3.79739, -2.31406, -2.42697, -3.27012, -3.2596, -3.85616, -3.2066, -3.99678, -7.58796, -3.73917, -2.40332, -3.76392, -2.69964, -3.01065, -4.03726, -3.25577, -2.35923, -3.26992, -3.91749, -3.99394, -3.20717, -2.43854, -5.16376, -4.2392, -5.46735, -3.65106, -3.8361, -3.87492, -4.63015, -3.1091, -2.78433, -3.03989, 
1998_0: -2.40407, -1.61871, -2.71695, -2.80569, -1.48841, -2.87022, -1.95307, -3.19802, -2.7377, -2.25044, -3.18462, -2.9979, -4.93995, -2.79183, -1.99328, -4.77879, -3.66851, -2.8979, -2.6358, -3.30387, -7.73065, -3.00332, -3.15762, -3.16484, -1.91534, -2.91406, -2.91633, -6.1493, -1.80252, -1.44741, -3.10235, -6.11981, -3.14357, -4.37889, -2.99099, -2.94434, -5.88342, -2.14159, -3.20486, -2.83028, 
2000_3: -3.35288, -1.55159, -3.36313, -3.7138, -2.17867, -3.11385, -3.66153, -3.52943, -3.45067, -2.96366, -2.88505, -3.24278, -2.93814, -3.6671, -3.36408, -3.60231, -3.81839, -3.69208, -3.02678, -3.48867, -2.45936, -2.41868, -4.88619, -4.95345, -1.96011, -5.07923, -3.68188, -3.53488, -2.23058, -2.0479, -3.76296, -2.69853, -3.81346, -3.36692, -3.50748, -3.38962, -4.23214, -2.78406, -4.07906, -3.03294, 
2004_0: -2.38203, -1.63103, -2.80702, -2.811, -3.08722, -2.68273, -2.4258, -3.14051, -3.55957, -2.19186, -2.75157, -2.0816, -3.47623, -4.17586, -2.87762, -3.37226, -3.82916, -3.55287, -2.71592, -3.05187, -3.17263, -2.69728, -3.35569, -3.12602, -2.5544, -3.44495, -3.52128, -2.3042, -2.5886, -1.49665, -3.0665, -1.70341, -3.1747, -3.50374, -3.59023, -3.59534, -3.76563, -2.46682, -3.45019, -3.22005, 
2015_4: -4.04988, -1.82079, -4.3746, -5.59137, -3.11282, -3.76984, -4.31713, -4.05717, -2.6686, -2.70396, -3.27226, -2.81585, -4.225, -2.80209, -3.45984, -3.08515, -2.676, -4.31899, -2.24287, -4.3763, -3.06183, -2.55638, -2.84835, -3.0079, -2.93624, -4.48323, -3.79435, -2.6498, -2.69087, -2.49162, -6.87334, -4.20735, -3.89631, -3.33035, -3.57298, -2.79025, -2.96707, -3.23658, -4.43707, -3.59031, 
2004_5: -3.38031, -1.80102, -3.72213, -4.49041, -2.39533, -2.52265, -3.86649, -6.87149, -2.46184, -2.27691, -2.35813, -3.21847, -4.12489, -3.79743, -3.535, -4.29358, -4.93783, -3.89653, -2.06189, -4.40803, -2.18927, -2.05734, -2.81149, -3.38287, -2.01173, -4.13048, -3.78053, -2.80827, -2.17224, -2.13315, -3.09412, -3.441, -3.9103, -3.14076, -2.25462, -4.59851, -4.13743, -2.34437, -4.30206, -4.1767, 
1997_2: -2.87112, -1.35398, -2.96191, -2.80636, -1.35109, -2.82569, -2.758, -5.69909, -2.92582, -1.55527, -2.36264, -2.23463, -2.65789, -3.10225, -2.86981, -3.11013, -3.12561, -5.86819, -2.12803, -2.71184, -2.23552, -2.47586, -4.88941, -3.19736, -2.09836, -2.76814, -3.03012, -2.96321, -2.26507, -1.8108, -6.22288, -1.68733, -2.9441, -2.64109, -2.63937, -2.7227, -3.75368, -2.64856, -3.72643, -2.23931, 
2017_4: -2.97715, -1.71124, -3.17152, -3.12815, -3.1128, -3.48998, -3.39341, -3.39904, -2.51398, -3.11012, -3.56902, -3.17531, -3.3642, -1.85603, -3.3876, -3.59643, -2.37958, -4.02982, -1.53853, -3.36312, -5.52418, -1.8816, -3.1965, -3.28025, -2.40416, -5.12255, -2.89181, -2.98485, -5.64976, -2.90637, -4.27358, -5.06641, -3.34984, -2.81541, -2.8, -2.3108, -2.15094, -5.0186, -3.59667, -3.34827, 
1998_3: -3.32708, -1.65272, -4.51132, -3.87418, -2.2418, -3.39702, -3.07394, -3.6268, -4.34726, -2.46211, -2.77894, -3.19088, -2.79996, -3.6142, -3.22324, -3.27572, -3.79098, -3.72413, -2.5946, -3.66221, -2.90561, -2.58454, -3.44497, -2.92726, -2.63071, -3.40662, -3.44918, -3.91844, -2.42746, -2.05875, -3.49855, -2.96568, -3.57339, -3.54249, -3.84788, -4.14983, -3.85943, -3.00621, -2.559, -2.60797, 

== Topic 0 == (70713) 
	digit	0.106	7524
	archiv	0.0544	3848
	record	0.0389	2752
	metadata	0.0359	2536
	collect	0.0271	1916
== Topic 1 == (231469) 
	problem	0.0118	2730
	one	0.0112	2599
	mani	0.0106	2454
	may	0.0102	2371
	howev	0.00873	2020
== Topic 2 == (60622) 
	ethic	0.0289	1754
	privaci	0.0241	1461
	secur	0.0227	1373
	risk	0.0134	814
	polici	0.0133	809
== Topic 3 == (78464) 
	network	0.0873	6846
	node	0.0223	1748
	algorithm	0.0138	1082
	wireless	0.012	938
	sensor	0.00991	778
== Topic 4 == (154162) 
	project	0.035	5399
	univers	0.0184	2833
	program	0.0176	2708
	servic	0.0145	2236
	plan	0.0139	2145
== Topic 5 == (96942) 
	public	0.0477	4625
	govern	0.0387	3753
	ict	0.0206	1998
	polici	0.0189	1836
	commun	0.0174	1687
== Topic 6 == (60503) 
	catalog	0.0513	3107
	record	0.0245	1484
	bibliograph	0.022	1331
	subject	0.0187	1130
	book	0.0183	1108
== Topic 7 == (64080) 
	imag	0.0534	3419
	method	0.0211	1355
	base	0.0137	879
	scheme	0.0129	825
	detect	0.0124	792
== Topic 8 == (112762) 
	model	0.0254	2863
	factor	0.0226	2545
	influenc	0.0195	2202
	user	0.0169	1908
	perceiv	0.0151	1701
== Topic 9 == (170698) 
	servic	0.0424	7232
	survey	0.0289	4935
	librarian	0.0268	4580
	refer	0.0247	4208
	univers	0.0231	3935
== Topic 10 == (120164) 
	evalu	0.0583	7009
	measur	0.0334	4011
	assess	0.0312	3745
	qualiti	0.0288	3466
	method	0.0203	2435
== Topic 11 == (174450) 
	student	0.0649	11322
	learn	0.0407	7102
	educ	0.0318	5551
	literaci	0.0295	5140
	instruct	0.0216	3775
== Topic 12 == (123027) 
	code	0.0841	10349
	construct	0.0174	2136
	decod	0.0168	2067
	bound	0.0154	1895
	sequenc	0.0135	1656
== Topic 13 == (66506) 
	data	0.149	9894
	mobil	0.0386	2568
	databas	0.0146	974
	devic	0.0116	771
	provid	0.0108	717
== Topic 14 == (87894) 
	countri	0.0358	3148
	univers	0.0241	2122
	intern	0.0234	2053
	collabor	0.0225	1980
	nation	0.0193	1701
== Topic 15 == (96561) 
	model	0.0562	5429
	predict	0.0288	2784
	data	0.0241	2323
	method	0.0232	2243
	set	0.0203	1961
== Topic 16 == (146899) 
	chemic	0.028	4112
	compound	0.0225	3310
	structur	0.0179	2636
	screen	0.0139	2048
	activ	0.0122	1789
== Topic 17 == (67659) 
	spatial	0.031	2096
	model	0.0237	1601
	geograph	0.0185	1249
	map	0.0164	1110
	gi	0.0157	1064
== Topic 18 == (158273) 
	differ	0.0221	3497
	result	0.0187	2960
	data	0.0139	2206
	time	0.0134	2127
	level	0.0131	2077
== Topic 19 == (33031) 
	internet	0.108	3565
	comput	0.064	2114
	game	0.0388	1283
	law	0.0366	1210
	legal	0.0248	818
== Topic 20 == (144990) 
	knowledg	0.0651	9441
	manag	0.0497	7207
	organ	0.0236	3423
	organiz	0.0171	2479
	process	0.0148	2152
== Topic 21 == (179738) 
	theori	0.0185	3332
	social	0.015	2688
	practic	0.0124	2229
	understand	0.0102	1842
	scienc	0.00977	1757
== Topic 22 == (106091) 
	health	0.0296	3144
	group	0.0141	1496
	commun	0.013	1384
	cancer	0.0127	1343
	women	0.0119	1259
== Topic 23 == (94363) 
	analysi	0.0418	3943
	cluster	0.0276	2603
	map	0.0231	2178
	method	0.0217	2051
	structur	0.0211	1989
== Topic 24 == (120639) 
	differ	0.0164	1973
	discuss	0.0145	1755
	concept	0.0143	1731
	present	0.0136	1638
	relat	0.0135	1631
== Topic 25 == (149407) 
	channel	0.0507	7578
	capac	0.0204	3052
	code	0.0156	2332
	rate	0.0153	2283
	achiev	0.0133	1982
== Topic 26 == (89569) 
	control	0.0364	3263
	system	0.0257	2306
	algorithm	0.0225	2015
	model	0.0183	1643
	optim	0.0164	1472
== Topic 27 == (142538) 
	purpos	0.0504	7182
	limit	0.0458	6534
	valu	0.0415	5911
	approach	0.0414	5895
	find	0.0391	5572
== Topic 28 == (159206) 
	system	0.0765	12185
	model	0.0312	4962
	design	0.0199	3170
	softwar	0.0199	3165
	process	0.0171	2729
== Topic 29 == (179662) 
	chang	0.0296	5317
	technolog	0.0293	5267
	new	0.0283	5092
	role	0.0129	2314
	servic	0.0107	1921
== Topic 30 == (64699) 
	health	0.0912	5897
	medic	0.0411	2658
	patient	0.0235	1518
	clinic	0.0226	1461
	care	0.021	1359
== Topic 31 == (123845) 
	electron	0.0392	4860
	collect	0.0329	4070
	resourc	0.0257	3181
	univers	0.0177	2196
	access	0.0163	2024
== Topic 32 == (44952) 
	open	0.0679	3053
	access	0.059	2650
	publish	0.0391	1759
	repositori	0.0351	1578
	institut	0.0319	1433
== Topic 33 == (127983) 
	retriev	0.0278	3553
	document	0.0259	3321
	queri	0.0214	2734
	text	0.0172	2197
	languag	0.0159	2036
== Topic 34 == (92835) 
	patent	0.0354	3291
	market	0.0258	2397
	busi	0.0235	2182
	technolog	0.0233	2161
	firm	0.0199	1845
== Topic 35 == (90945) 
	social	0.0762	6926
	commun	0.0426	3878
	media	0.038	3460
	onlin	0.0264	2401
	network	0.0259	2355
== Topic 36 == (106804) 
	bind	0.0193	2066
	protein	0.0152	1627
	molecular	0.013	1383
	structur	0.0119	1272
	interact	0.0113	1207
== Topic 37 == (117093) 
	web	0.0845	9889
	search	0.0736	8618
	user	0.0412	4829
	site	0.0288	3374
	engin	0.0193	2266
== Topic 38 == (138918) 
	estim	0.0154	2144
	distribut	0.0133	1843
	function	0.012	1670
	gener	0.00942	1309
	problem	0.00926	1287
== Topic 39 == (161534) 
	journal	0.047	7593
	citat	0.0446	7205
	scienc	0.0292	4711
	articl	0.0232	3746
	public	0.0212	3426
