== Parameters ==
2009_0: -3.77542, -2.80189, -3.96532, -2.53277, -4.12634, -1.65779, -3.3589, -2.71786, -3.12553, -4.16834, -3.68265, -2.44257, -3.10475, -4.46527, -2.63821, -3.92839, -2.91575, -3.63635, -2.73025, -3.40523, -3.44895, -3.98892, -2.31371, -2.68423, -4.02305, -3.85115, -2.54063, -3.33245, -3.82585, -4.74223, -3.20967, -4.07605, -4.63142, -3.33597, -2.60407, -3.87972, -3.86561, -4.08099, -3.58241, -1.93696, 
2005_1: -5.89311, -2.97955, -3.07625, -2.53796, -3.84374, -1.94305, -3.66343, -2.78429, -2.86124, -3.58314, -4.00405, -1.9444, -2.9328, -4.77994, -2.60396, -4.23701, -3.62533, -3.25328, -2.31222, -3.5499, -3.01582, -3.86304, -2.37027, -3.15298, -4.33255, -4.21973, -2.64021, -3.34069, -3.6075, -4.10289, -3.01083, -4.54716, -4.60394, -3.61923, -2.27876, -8.39111, -3.43666, -3.67553, -3.87233, -2.14904, 
2004_2: -3.35135, -2.83711, -5.93989, -2.59895, -4.09592, -1.80716, -2.79433, -1.84131, -3.16395, -6.04687, -3.34336, -1.74623, -2.45055, -3.27644, -2.36369, -3.04279, -3.46652, -2.79147, -3.70975, -3.62368, -2.94534, -3.04204, -2.4502, -2.30719, -3.40997, -4.83174, -3.15784, -2.35246, -6.78126, -3.38613, -5.53911, -3.3849, -3.51561, -3.15686, -2.43973, -2.91, -2.79419, -3.08343, -3.11052, -1.94242, 
2005_8: -3.55445, -4.37345, -2.7594, -2.62695, -4.17527, -2.0638, -3.86313, -4.0914, -3.63562, -3.9592, -5.28582, -4.38782, -5.77921, -3.86119, -2.78336, -4.34099, -3.64197, -3.74936, -4.59877, -5.46659, -4.47237, -3.25872, -4.23434, -2.79598, -4.56585, -4.6467, -2.61133, -3.50307, -2.85178, -4.07592, -3.9566, -2.61005, -4.28905, -2.70443, -3.4676, -3.69512, -3.76255, -4.04721, -6.384, -3.54792, 
2011_0: -4.54852, -2.91584, -4.51516, -2.48731, -3.33437, -1.62967, -3.20323, -2.40758, -3.24042, -3.09043, -4.65306, -2.36354, -3.36411, -4.55119, -2.24126, -4.98873, -3.35406, -2.98912, -2.85336, -3.31962, -3.24205, -4.31829, -2.59033, -2.85885, -3.30058, -9.65691, -2.57209, -2.98864, -3.59128, -4.15374, -3.70129, -4.44986, -4.63337, -2.61307, -2.34718, -3.75085, -3.40877, -3.53128, -3.61217, -1.89082, 
2012_7: -4.47088, -4.18441, -3.15, -2.95357, -3.5734, -1.72523, -3.34688, -3.73792, -3.36166, -3.67517, -3.55053, -4.20997, -3.64784, -2.99016, -2.42177, -4.36081, -4.41632, -4.32683, -3.77951, -3.14583, -4.52145, -3.60131, -4.77009, -3.30961, -4.84234, -4.1613, -2.23263, -3.39406, -3.35004, -3.75357, -3.6382, -3.24448, -4.2371, -3.3342, -3.23227, -3.90788, -3.5117, -2.93478, -3.51722, -2.91978, 
1998_3: -3.0403, -2.9674, -3.10775, -2.22619, -3.31109, -1.50448, -2.68698, -2.50293, -2.6324, -3.19398, -3.88891, -1.83741, -2.88474, -4.80181, -1.73002, -3.4981, -3.81384, -2.89356, -2.17246, -2.69947, -2.64441, -3.24187, -2.15448, -1.94194, -3.39028, -3.43758, -2.39843, -2.79714, -3.04488, -3.36133, -3.28216, -4.15813, -3.65984, -3.85706, -3.35215, -3.10337, -2.90215, -3.30681, -3.15105, -1.66192, 
2014_2: -4.50251, -3.31363, -3.91769, -2.54844, -3.22762, -1.7189, -4.24021, -2.95551, -3.99225, -3.44348, -3.47976, -3.31607, -3.7698, -4.91693, -2.35987, -4.37994, -15.6102, -3.54969, -2.53568, -2.81854, -4.02639, -3.51123, -3.09543, -3.26784, -3.53011, -4.98641, -2.43731, -3.05984, -3.44946, -4.41773, -4.49378, -4.13019, -4.91801, -2.94474, -2.78911, -4.00508, -4.52318, -2.76623, -3.97875, -2.44788, 
2007_8: -3.74845, -4.53721, -3.45301, -2.99131, -3.92478, -2.0305, -3.67766, -4.0789, -3.42351, -4.29605, -3.68136, -5.03966, -3.88665, -2.95365, -3.3074, -4.39393, -4.26366, -3.71008, -5.22805, -3.40159, -4.67566, -2.94837, -4.52188, -2.80843, -4.97125, -7.01852, -2.37228, -3.22222, -2.61989, -4.05537, -4.05123, -2.72232, -3.87974, -2.74103, -3.44907, -3.39463, -7.65784, -3.36218, -3.81017, -5.34506, 
2016_1: -4.45997, -3.07532, -3.21587, -2.46785, -3.27418, -2.70821, -3.13599, -2.73088, -3.26671, -6.99277, -2.98985, -3.16936, -3.55004, -4.31326, -2.32122, -3.94537, -4.38154, -3.7706, -2.85255, -2.99859, -3.353, -3.87032, -3.10114, -3.02977, -3.91721, -4.54533, -9.93491, -3.06909, -2.97461, -4.16755, -3.53899, -3.60633, -4.67837, -3.09733, -2.28487, -3.4131, -3.67665, -3.03059, -3.30795, -2.44609, 
2012_2: -3.9429, -3.08131, -3.79568, -2.48814, -3.36424, -2.18212, -4.23034, -2.74223, -3.34661, -3.56227, -3.26561, -2.95962, -3.05273, -3.82571, -2.50448, -3.77579, -3.49936, -3.1509, -2.85086, -3.24731, -3.96588, -3.64157, -3.04428, -3.34317, -4.15517, -3.99778, -2.56634, -2.98963, -4.00407, -4.3712, -3.23316, -4.18635, -4.26883, -2.61154, -2.75572, -3.88029, -3.67581, -3.19366, -3.32003, -1.92117, 
2015_1: -6.11895, -2.86569, -4.21871, -2.24143, -3.26743, -2.9944, -3.36909, -2.67385, -3.34189, -3.15214, -3.27766, -2.91399, -2.82806, -4.42169, -4.262, -3.64495, -3.13336, -3.01465, -2.43678, -3.27511, -3.32322, -3.86551, -3.72783, -2.87378, -3.62605, -3.85076, -2.51886, -3.50351, -2.96892, -4.19919, -3.71452, -5.18723, -4.68819, -3.10493, -2.45726, -3.20779, -35.8027, -3.42455, -3.40729, -2.41529, 
2012_8: -4.09558, -4.54999, -2.8653, -2.86382, -3.87154, -2.02276, -3.96512, -4.08992, -3.87133, -4.10815, -2.91013, -4.80274, -4.77165, -2.81401, -2.4481, -4.08075, -4.21479, -3.77363, -4.60801, -4.06205, -4.43075, -3.0817, -6.71349, -3.34464, -4.97967, -4.62087, -2.38133, -4.11382, -2.99009, -3.90355, -3.99769, -3.09368, -3.82097, -2.97349, -3.59681, -4.15257, -3.42457, -3.27023, -4.0187, -2.94133, 
2009_6: -3.98494, -4.02016, -3.30416, -2.84587, -4.01419, -1.91492, -3.53149, -3.39657, -3.70361, -4.83001, -3.75264, -9.89793, -7.67746, -3.41166, -2.64286, -4.71617, -4.11566, -3.44021, -3.08033, -3.34567, -3.51929, -4.08903, -4.43409, -3.22095, -4.20142, -4.45473, -2.3758, -3.15152, -2.97397, -3.86132, -3.48472, -3.46924, -5.72424, -3.09694, -2.93439, -3.27916, -5.91686, -3.14066, -4.09358, -2.91072, 
2009_3: -4.09526, -3.40643, -3.48961, -2.64285, -3.43985, -2.03337, -3.28427, -2.72867, -3.36651, -3.87431, -3.71714, -2.66679, -3.35799, -4.06449, -2.49853, -4.18585, -4.10314, -3.72986, -2.69335, -3.00338, -3.46652, -4.12527, -3.94924, -3.09265, -4.0486, -4.28203, -2.66085, -3.40192, -3.9497, -3.91568, -3.46883, -4.17093, -4.28983, -3.72004, -2.68832, -4.13848, -3.58421, -3.25174, -3.48741, -2.731, 
2007_2: -3.5092, -3.43238, -4.09937, -2.77368, -4.74337, -1.83289, -3.45396, -2.80908, -3.19578, -3.52186, -4.06355, -1.97258, -3.34199, -4.51987, -2.75893, -3.89369, -2.96151, -3.46195, -2.67726, -3.20894, -3.51858, -3.8259, -2.91231, -2.79633, -3.73344, -4.76458, -2.57586, -2.95687, -4.34076, -4.33957, -3.21733, -4.57412, -4.65787, -3.26814, -2.48787, -3.78798, -4.06739, -3.97394, -3.72858, -2.34882, 
2008_7: -3.56512, -3.81956, -2.91324, -3.16738, -4.27969, -2.30653, -3.52085, -3.81272, -3.94787, -4.11583, -3.75411, -4.2276, -3.7534, -3.10463, -2.51514, -4.70775, -4.38972, -3.31866, -3.87575, -5.80373, -4.27944, -3.50801, -4.55628, -3.08172, -4.12408, -4.67123, -2.60882, -4.39689, -3.03191, -4.12639, -3.5526, -3.19825, -3.95958, -3.00611, -3.07687, -3.74722, -5.10577, -3.24665, -3.93805, -3.30438, 
2008_0: -4.28347, -3.32595, -3.89955, -2.97698, -3.8128, -1.985, -3.39409, -3.0526, -3.06967, -3.61063, -4.16156, -2.07178, -2.97296, -4.34638, -2.78263, -4.15264, -3.18717, -3.39, -2.4306, -3.44054, -2.86192, -4.0897, -2.19931, -2.88456, -3.40759, -4.24246, -2.91397, -2.82049, -3.58608, -3.73627, -3.16687, -3.96129, -4.60993, -4.55443, -2.37601, -3.51012, -3.41296, -3.67369, -3.73624, -1.84705, 
2012_5: -3.99246, -3.36853, -3.56661, -3.71081, -3.7148, -1.73987, -3.19299, -3.64936, -3.8985, -4.04454, -3.54485, -3.62883, -3.2557, -3.66903, -2.41558, -4.44026, -4.05526, -3.18543, -2.85566, -3.49462, -4.03909, -5.22976, -4.02465, -3.65072, -4.49118, -4.57444, -2.616, -3.31041, -3.68804, -4.53457, -3.8302, -3.268, -5.1122, -3.11267, -4.35149, -3.43373, -4.02364, -3.01006, -3.70545, -2.47963, 
2016_5: -5.35349, -4.04836, -3.30622, -3.29641, -3.52632, -1.99153, -5.06375, -3.33475, -3.2118, -3.83501, -2.89688, -4.20666, -3.77078, -3.36463, -2.32372, -3.98515, -4.08734, -5.37073, -3.8421, -2.84479, -4.06433, -4.0042, -3.33895, -2.94606, -3.72211, -3.74461, -2.2822, -3.22201, -2.50547, -3.45227, -3.94575, -3.71816, -3.93714, -3.20044, -3.13092, -4.01982, -3.53765, -2.96313, -5.62926, -2.85338, 
2008_2: -3.71963, -3.1067, -5.72206, -2.24597, -3.85541, -2.49642, -2.77485, -2.54027, -3.19074, -3.60923, -4.06963, -2.38756, -3.06311, -4.46149, -2.93894, -4.52684, -3.35243, -3.42998, -2.3791, -3.79156, -5.91814, -3.99427, -2.76063, -2.73456, -3.17324, -5.28687, -2.60634, -3.30052, -4.08416, -5.97582, -3.38255, -4.46998, -5.12093, -3.25925, -2.35528, -3.42236, -3.9552, -3.703, -3.82355, -2.21656, 
2016_6: -3.48493, -4.00606, -2.80941, -2.92349, -3.66476, -1.96418, -4.2109, -3.87977, -3.3618, -3.79599, -2.8337, -6.49503, -3.29972, -3.01742, -2.47882, -3.98428, -4.06562, -3.04278, -4.3766, -3.03977, -4.46544, -3.85648, -4.44641, -3.51466, -3.71085, -3.70575, -2.0581, -3.80315, -2.77475, -3.45833, -3.97132, -3.50408, -3.82189, -2.9402, -3.23164, -4.05557, -3.63318, -2.76536, -3.67116, -2.65309, 
2006_5: -3.90086, -3.33101, -3.14299, -2.56133, -6.34419, -2.51306, -3.39697, -3.06647, -3.32215, -3.60538, -5.47924, -3.22323, -21.4286, -3.2245, -2.48036, -4.31654, -4.03993, -3.51461, -3.00097, -3.65634, -3.83725, -3.93349, -3.63835, -3.16075, -3.89402, -5.21122, -2.79489, -3.26461, -3.74694, -4.15012, -5.39212, -4.03755, -3.95428, -3.07697, -2.5631, -4.14311, -3.69789, -4.34669, -3.69367, -2.5533, 
2006_7: -3.58987, -4.22773, -2.88828, -2.7135, -3.73045, -1.97895, -3.76739, -3.95025, -3.70086, -3.58684, -4.6106, -4.76849, -4.23294, -3.13682, -2.45894, -4.53631, -5.12228, -3.3401, -4.06498, -3.84814, -4.41837, -3.60619, -4.60824, -2.92512, -5.50487, -4.58804, -2.41621, -3.60332, -3.08149, -3.8818, -3.69919, -3.16407, -5.44942, -2.92155, -2.91632, -3.20009, -3.40923, -3.62739, -4.25214, -3.25529, 
2010_6: -3.89374, -3.96474, -3.09563, -2.84188, -3.71541, -5.3265, -4.0266, -3.2707, -3.50526, -4.562, -3.55292, -4.25766, -4.44429, -3.78991, -2.38455, -6.54063, -3.71101, -3.18534, -3.49668, -3.35352, -4.85306, -3.40085, -4.14212, -3.27078, -4.97296, -4.61481, -2.69399, -3.66877, -3.03238, -3.79406, -3.62812, -3.4942, -4.14951, -2.98467, -3.02312, -3.83883, -3.42128, -2.95415, -4.22753, -2.991, 
2012_3: -3.9134, -3.09228, -3.27163, -2.51735, -3.31319, -2.56924, -3.29209, -3.01115, -3.28473, -3.60228, -3.88148, -2.75046, -3.23138, -4.24135, -3.38947, -4.59481, -3.55403, -2.87021, -3.01689, -3.0448, -3.90833, -3.54364, -3.16037, -3.08881, -4.02058, -4.34696, -2.3667, -3.24575, -4.13277, -3.81104, -3.70795, -3.99207, -4.51371, -3.05366, -2.84069, -5.32937, -3.95891, -3.17691, -3.71233, -2.57295, 
2013_4: -4.0792, -3.56065, -4.0203, -2.84359, -3.44953, -2.1051, -4.00054, -3.06461, -3.61468, -3.54223, -3.27408, -3.81736, -3.25353, -3.60066, -2.2929, -4.49447, -3.88509, -3.45444, -3.18357, -3.09914, -4.09819, -4.11401, -4.10561, -3.26062, -4.85101, -3.67401, -2.47283, -3.30205, -2.91587, -3.88616, -4.76752, -4.36362, -4.01958, -3.05913, -2.92457, -3.66862, -3.57461, -3.23775, -4.05314, -2.48238, 
2012_4: -4.17357, -4.54092, -3.63207, -2.55486, -3.35304, -1.95855, -3.5254, -3.06374, -2.91963, -3.37309, -3.18468, -3.13102, -3.26629, -4.10947, -2.43547, -3.945, -3.85839, -2.86026, -2.93859, -3.26922, -3.79502, -3.94469, -3.83813, -3.20404, -3.84294, -4.26364, -2.4295, -3.17158, -3.12659, -4.43915, -3.70152, -6.31576, -4.36666, -4.19929, -2.80615, -3.85977, -3.54217, -3.05171, -4.49916, -3.26983, 
1998_8: -2.796, -4.86203, -1.8086, -2.26848, -3.76896, -1.63916, -3.4605, -3.73822, -6.73154, -3.65929, -3.67316, -3.8317, -3.65974, -3.87251, -1.67242, -3.84677, -6.02097, -3.1469, -3.4673, -3.70933, -3.63598, -3.22939, -3.46614, -2.64722, -3.39843, -5.83534, -2.51823, -2.9171, -5.92387, -4.25272, -3.80356, -2.35766, -5.32711, -2.67293, -4.03365, -3.87247, -3.07051, -3.70928, -3.27987, -3.10299, 
1997_7: -3.06507, -3.66686, -2.23402, -2.2471, -3.82629, -1.49864, -2.9399, -2.77557, -3.23344, -3.24581, -3.67946, -2.86688, -3.47441, -3.93066, -2.10024, -3.61999, -4.68926, -2.68861, -3.45655, -3.69688, -3.84324, -3.41823, -3.16603, -4.88696, -3.31681, -3.64925, -3.22301, -2.67562, -2.85942, -3.08327, -3.44405, -3.41054, -3.63837, -3.33597, -3.41557, -3.45619, -3.24275, -2.61105, -3.67745, -2.56339, 
2002_6: -3.4014, -3.55611, -3.16972, -2.1395, -3.18002, -2.17623, -3.15508, -3.5507, -3.28904, -3.47777, -4.07566, -3.3255, -4.71312, -11.9648, -2.17156, -3.68506, -3.64074, -3.40604, -2.48259, -3.19448, -3.04327, -3.4786, -3.29903, -2.94071, -3.35934, -6.15751, -2.30023, -3.03084, -3.91662, -3.25534, -2.90836, -3.53783, -4.1514, -3.87157, -3.90022, -3.77645, -2.95294, -3.52384, -3.23368, -2.56674, 
2007_7: -3.48453, -5.15788, -3.2685, -2.48143, -4.16693, -2.11695, -3.96545, -3.53961, -3.63374, -3.49918, -3.85083, -4.61431, -4.16348, -3.11002, -2.66095, -4.98435, -4.35859, -3.11736, -3.74343, -3.69228, -3.92011, -3.71419, -5.10074, -3.2359, -4.58529, -4.46854, -2.53129, -3.33244, -3.59256, -4.12255, -4.12414, -3.50816, -4.04588, -3.11971, -3.15949, -3.58816, -3.78429, -3.41685, -3.79055, -3.54678, 
2001_8: -3.85257, -3.40165, -3.788, -1.50003, -3.27155, -1.15563, -2.90536, -2.90628, -3.01589, -3.12866, -3.92974, -4.89753, -4.82098, -3.86355, -1.72496, -3.63979, -3.682, -4.88461, -2.82964, -3.61046, -3.6904, -3.83722, -3.16094, -1.81988, -4.02836, -3.85267, -2.01975, -2.8707, -2.22932, -4.04158, -2.7132, -3.63939, -4.87461, -3.94925, -3.95336, -3.18652, -4.08716, -3.33356, -3.6588, -1.95696, 
2013_3: -3.97519, -2.94206, -3.10038, -2.67697, -3.71357, -1.6067, -3.42725, -2.75427, -3.77956, -3.84894, -3.54297, -3.1647, -3.58581, -4.35482, -2.72501, -4.02555, -3.89627, -3.5107, -2.81587, -2.86476, -3.61269, -3.69598, -4.20453, -3.30766, -4.67256, -4.36438, -1.99372, -3.75729, -3.22143, -3.89863, -5.74261, -3.90698, -4.70854, -3.67804, -2.85214, -3.25332, -3.94115, -2.94401, -4.55393, -2.31186, 
2015_2: -4.64542, -2.78435, -4.48814, -2.86728, -3.19841, -1.88658, -3.30881, -2.64296, -3.00653, -3.61365, -2.84196, -6.16428, -3.00877, -3.89777, -2.4307, -4.03092, -3.21835, -3.13435, -2.74289, -2.84261, -3.70847, -4.41506, -3.44699, -3.37007, -3.40891, -3.76775, -2.35988, -2.69108, -2.72186, -4.46917, -3.63154, -5.06336, -4.49292, -2.76936, -2.31305, -3.37506, -3.4061, -3.34391, -3.63137, -2.07666, 
2006_2: -4.0423, -3.18179, -3.85774, -2.42234, -4.07394, -1.95682, -4.11853, -2.5806, -3.42953, -3.4897, -4.05954, -2.79138, -3.1352, -6.40019, -2.79008, -4.32457, -3.42325, -2.94046, -2.43459, -3.01124, -3.06831, -5.52167, -2.73076, -3.22091, -3.58971, -4.28479, -3.39977, -2.84495, -4.39045, -4.32841, -3.23712, -4.33746, -4.81419, -3.45339, -2.6377, -5.3343, -4.01775, -3.32004, -3.12799, -2.10331, 
1999_3: -3.14197, -3.86685, -3.66726, -2.30955, -3.81261, -1.55499, -3.30925, -3.58958, -2.94112, -3.45295, -4.54629, -1.72524, -2.67956, -3.63038, -2.07028, -3.9179, -3.3481, -2.69344, -2.18905, -2.57419, -2.73339, -3.20671, -2.94146, -2.81323, -3.07896, -3.86336, -2.42638, -2.89012, -3.41537, -4.30521, -3.02633, -3.48986, -3.59453, -3.37405, -3.21062, -3.50928, -2.85794, -3.01847, -3.23855, -1.99312, 
2010_8: -4.00248, -7.98685, -2.73909, -2.89351, -4.0438, -2.52035, -4.05181, -4.25529, -3.15547, -4.32903, -3.41377, -5.38449, -4.48271, -3.06102, -2.55365, -4.70806, -4.50522, -3.9119, -4.77598, -3.61616, -4.45143, -3.14411, -4.91696, -3.78766, -4.62364, -4.43111, -2.38955, -3.6448, -3.01982, -4.20558, -3.73445, -3.0298, -4.22438, -3.21281, -3.77925, -3.76811, -3.38895, -3.29665, -4.40892, -3.01675, 
2014_4: -4.1679, -3.34367, -3.67064, -2.66054, -3.72202, -1.9289, -3.42475, -2.93658, -3.88969, -3.42638, -3.58629, -3.40761, -3.90256, -4.39853, -2.18152, -3.77527, -3.33629, -3.02104, -3.31097, -2.6599, -3.32674, -3.53881, -3.27237, -3.06123, -3.88396, -4.63147, -2.0118, -3.84518, -3.17703, -4.00819, -4.30346, -4.47176, -6.82473, -2.90592, -2.5924, -3.55939, -3.93231, -2.47071, -3.41466, -2.69216, 
2017_1: -7.23269, -3.16182, -4.18787, -2.092, -3.34345, -1.8845, -3.41365, -2.45835, -3.48011, -3.23707, -2.28277, -3.80182, -3.27241, -2.75468, -1.80516, -4.22206, -3.86493, -3.55877, -2.81651, -3.13506, -3.49991, -4.38622, -3.55813, -2.75749, -3.45658, -3.32039, -2.3722, -2.83236, -2.39735, -4.13999, -4.05003, -4.48665, -3.27978, -2.46737, -2.56893, -3.34278, -3.88502, -3.5776, -3.35285, -2.2893, 
2014_3: -4.33842, -2.92015, -3.6771, -2.8053, -3.26735, -1.91307, -2.97577, -2.45633, -3.5019, -3.27186, -3.38591, -3.18537, -3.38056, -4.64017, -2.27956, -4.29034, -3.47986, -3.2252, -2.59593, -2.71289, -3.50303, -4.01491, -3.49987, -2.88622, -3.69474, -4.16356, -2.04803, -4.20633, -3.10908, -4.39945, -3.88571, -4.35799, -4.60853, -2.94385, -2.72077, -3.23211, -3.7374, -2.6286, -3.23257, -2.39399, 
1997_6: -2.44933, -7.13221, -2.54522, -2.49764, -3.26598, -1.56997, -2.86002, -2.94957, -3.11404, -2.88138, -3.09288, -2.29799, -3.03072, -3.31566, -2.12062, -4.51298, -4.01092, -3.397, -2.39597, -3.02082, -3.06025, -3.61389, -3.10976, -2.79003, -3.28906, -3.42359, -2.92623, -2.62216, -2.95612, -3.37996, -3.29775, -3.0504, -5.48101, -2.75461, -3.32761, -3.12801, -3.19258, -2.49278, -5.73849, -2.06446, 
2009_2: -4.5795, -2.80388, -3.59616, -2.48764, -3.69738, -1.80825, -3.06942, -2.48634, -3.03116, -3.11466, -3.66402, -2.70891, -2.81251, -5.32556, -3.98634, -4.28081, -3.40247, -3.36708, -2.69671, -2.62507, -3.25674, -3.88624, -2.34373, -2.95727, -4.04508, -4.64783, -3.42483, -2.89872, -3.85356, -4.39964, -2.97686, -4.48824, -7.65293, -3.03246, -2.4499, -3.7023, -3.43155, -3.61072, -3.54076, -2.15019, 
2014_6: -4.08306, -3.99487, -2.88455, -2.81755, -3.26671, -1.96392, -3.48414, -2.78716, -4.34755, -3.78821, -2.98278, -4.28235, -3.90052, -4.94948, -2.43492, -4.99475, -7.46729, -2.9461, -3.17805, -3.11474, -3.98208, -3.03311, -4.04227, -3.94429, -4.20758, -4.07097, -2.22339, -3.28782, -2.91958, -3.4684, -3.98974, -3.16529, -4.73323, -3.08196, -3.00304, -3.65782, -3.47304, -2.51263, -3.22901, -2.74743, 
2011_8: -4.60267, -3.81964, -4.26018, -2.51121, -3.83605, -1.81897, -3.87058, -3.50568, -2.91921, -4.63034, -3.05398, -4.14822, -3.70113, -1.97796, -2.17124, -4.16281, -4.78106, -3.41609, -4.40615, -4.0796, -4.0177, -4.19909, -4.63467, -2.69508, -4.37623, -4.2962, -2.28049, -3.62106, -2.14032, -4.48187, -3.88097, -7.15761, -2.72958, -3.28049, -3.06393, -3.25478, -3.28938, -4.07614, -4.51236, -2.93146, 
2004_3: -4.0399, -2.58593, -3.85094, -2.29139, -3.40593, -1.59594, -4.16611, -2.66704, -2.58964, -3.28886, -4.07158, -1.929, -3.13046, -4.14908, -3.07706, -3.71396, -3.50103, -3.2606, -4.29574, -3.33873, -2.94118, -4.2766, -2.37609, -2.74585, -3.79985, -3.82783, -2.84902, -3.01216, -3.77945, -3.6507, -3.00043, -4.19458, -4.16085, -3.43847, -2.19657, -3.46418, -3.03295, -3.06647, -5.62009, -1.619, 
2017_4: -5.08433, -3.12631, -4.09562, -2.57617, -3.51764, -1.80433, -3.5698, -3.41442, -3.29003, -3.56792, -2.49421, -5.73527, -2.47176, -2.1569, -1.84681, -5.27237, -4.30321, -3.36976, -3.53746, -4.05602, -5.03917, -4.01698, -5.60722, -3.55497, -3.601, -3.46764, -2.29324, -3.04843, -2.63749, -3.76737, -3.82839, -4.17034, -3.53874, -2.97004, -3.01776, -3.30175, -3.20644, -4.00529, -3.64751, -2.5151, 
2001_6: -4.27604, -2.53753, -3.75476, -1.5749, -4.28587, -1.19956, -2.71272, -2.02617, -2.99425, -2.81947, -3.96938, -3.23677, -3.99964, -4.66168, -1.85269, -3.76096, -3.94793, -3.45308, -1.96738, -3.38319, -3.27574, -3.72361, -2.32301, -2.68934, -3.99626, -3.90754, -2.88075, -4.67474, -3.52034, -3.97726, -2.58798, -3.97721, -4.02882, -3.99495, -3.45624, -3.53024, -3.93674, -3.38597, -3.80737, -1.43976, 
2016_7: -4.02745, -4.07145, -3.32081, -2.76131, -6.00958, -1.98897, -3.74811, -3.89481, -3.24724, -3.90715, -3.42679, -4.92352, -3.59987, -3.08038, -2.46838, -3.53557, -3.6863, -3.62323, -4.02052, -3.77022, -4.17589, -3.56864, -4.97613, -3.2024, -4.29102, -3.29799, -4.02967, -4.13745, -2.60762, -3.50115, -4.13807, -3.51854, -3.61269, -2.70596, -3.83859, -4.43829, -6.99468, -2.56559, -3.58981, -3.5015, 
2011_4: -4.24114, -2.82878, -4.23887, -2.39018, -3.40543, -2.55286, -3.28191, -2.44661, -3.00194, -4.74476, -3.65803, -2.65546, -3.31372, -3.57134, -2.35066, -4.20637, -4.41874, -3.11591, -2.56221, -3.4801, -3.26402, -5.31527, -3.57735, -3.36312, -3.89744, -4.68176, -2.97327, -2.94716, -3.64337, -4.42331, -4.02636, -4.52755, -4.02041, -4.82596, -2.44083, -4.07116, -3.90276, -3.55857, -4.16678, -2.04667, 
2001_0: -3.71606, -2.8449, -3.83778, -2.20442, -3.63778, -1.52295, -3.53541, -2.34629, -2.69128, -2.99937, -3.86229, -1.27489, -2.84222, -3.64695, -3.28555, -3.94276, -3.65776, -3.21119, -1.87008, -3.10431, -2.83613, -6.02699, -1.85119, -2.67599, -3.52704, -3.96026, -2.75611, -3.39967, -3.27771, -3.60631, -2.22946, -5.84306, -4.14502, -4.01706, -3.53518, -3.54178, -3.30299, -3.02987, -3.09689, -1.13848, 
2013_6: -4.18843, -4.10616, -3.31342, -2.99077, -3.16039, -2.08113, -3.6724, -3.4243, -3.37891, -4.19774, -3.95296, -6.12711, -4.49246, -3.25158, -2.342, -4.36278, -6.18861, -4.28682, -2.97323, -2.93915, -4.36753, -3.69641, -4.07536, -3.24282, -4.5054, -4.51895, -2.12171, -3.85428, -2.82305, -3.86218, -3.59043, -3.50699, -3.8895, -4.2055, -2.87291, -4.09785, -3.76562, -2.84972, -3.73967, -3.1401, 
2015_4: -4.61202, -2.74221, -4.52208, -2.46827, -2.67131, -1.68632, -3.08971, -2.3975, -3.55596, -3.13354, -3.58711, -5.01449, -3.55138, -3.99788, -1.85563, -4.13951, -3.84045, -3.46292, -2.59667, -2.92785, -3.60478, -4.14346, -3.2061, -3.27455, -3.64431, -3.6159, -2.25868, -2.72535, -2.42163, -3.9302, -3.68232, -4.66648, -4.14784, -3.14177, -2.98405, -3.22293, -3.85114, -3.90155, -3.68203, -2.18446, 
2000_4: -3.56861, -3.84069, -3.27894, -2.20672, -4.30002, -1.51633, -2.98128, -2.54965, -3.01395, -3.43021, -3.26061, -2.3122, -3.07085, -3.66212, -2.90655, -3.47872, -3.97688, -3.40236, -2.72635, -3.25403, -3.39237, -3.87314, -2.31161, -2.3467, -4.8494, -5.47133, -3.01822, -3.28054, -3.36008, -3.55429, -3.0533, -3.83639, -3.81627, -3.47498, -3.4665, -4.54662, -3.70534, -3.28773, -3.34968, -2.25803, 
2003_5: -3.45532, -2.95516, -4.26456, -2.36409, -3.44283, -1.41048, -3.08992, -2.87119, -5.52706, -3.49841, -3.73215, -4.02835, -2.65532, -4.13119, -2.07431, -3.72361, -3.67352, -2.86883, -2.08179, -3.53872, -3.1337, -3.78002, -2.76217, -2.46728, -3.74594, -4.3448, -3.22402, -2.48729, -3.44956, -3.53027, -2.61956, -3.47578, -3.98509, -3.82559, -3.53242, -3.31212, -3.34307, -3.40178, -3.51089, -1.74532, 
1999_4: -3.02181, -3.492, -3.19238, -2.50433, -7.35333, -1.71942, -3.51659, -2.96991, -3.52364, -3.50277, -3.4749, -2.35632, -3.23713, -5.19582, -2.56455, -3.45015, -3.31629, -3.09192, -2.89608, -3.91745, -2.95765, -3.68501, -2.85639, -2.48617, -3.33904, -3.4916, -2.14782, -2.62188, -4.11178, -3.6775, -3.29405, -3.25737, -3.93726, -3.2027, -3.55611, -3.50604, -4.68765, -2.84908, -3.32621, -1.93115, 
1999_8: -2.77882, -5.07894, -2.38146, -2.19011, -3.86526, -1.99016, -3.14534, -3.72971, -3.77425, -5.58168, -3.59975, -3.93942, -4.53033, -4.16964, -3.16297, -3.6748, -3.52219, -3.26964, -3.3816, -3.6669, -3.69895, -3.4443, -4.07673, -2.91249, -3.28221, -4.02514, -2.46809, -3.35493, -3.17662, -3.60908, -3.72709, -2.57938, -4.06039, -3.77032, -3.70311, -4.47122, -3.88938, -6.23169, -4.06851, -3.30181, 
2002_8: -3.22816, -3.7906, -2.2961, -2.16677, -4.55571, -2.03368, -3.19648, -3.72816, -3.95275, -3.5689, -3.98575, -4.01574, -4.48292, -4.49938, -1.98939, -4.22436, -5.7401, -3.17449, -4.27318, -3.50382, -4.71692, -3.64131, -3.92419, -3.25158, -4.57088, -4.39881, -2.05118, -3.21727, -3.09673, -3.58387, -6.16523, -2.5958, -4.52674, -3.46137, -4.08988, -3.64053, -3.34268, -3.11582, -4.03439, -3.26206, 
2006_0: -4.80879, -3.41872, -3.29002, -2.94686, -3.91902, -1.79352, -3.15542, -2.59371, -3.03817, -3.74433, -4.42458, -2.10384, -2.80585, -4.66653, -3.82908, -3.94612, -2.96037, -3.33141, -3.09492, -3.29344, -3.44074, -3.42018, -2.58999, -3.24956, -3.28508, -4.47449, -2.97797, -3.02846, -4.18533, -3.9939, -2.89391, -4.31446, -4.85648, -2.82946, -2.76237, -3.85318, -3.80721, -6.89252, -3.53594, -2.27534, 
2013_0: -3.88421, -2.81838, -3.77399, -2.63235, -3.60937, -2.13483, -3.38471, -2.69535, -2.99848, -3.38292, -4.11354, -2.7778, -2.91067, -4.64019, -2.3621, -4.46068, -3.41297, -3.25267, -2.19567, -2.8671, -3.95743, -4.25042, -2.92864, -2.662, -3.9478, -4.07232, -2.22136, -3.23231, -3.59589, -4.22443, -3.56241, -3.77279, -4.74671, -3.65769, -2.78877, -4.00613, -3.76609, -3.87503, -3.58115, -2.39868, 
1997_1: -3.0452, -2.94253, -3.10772, -2.01104, -3.13358, -1.25167, -2.84079, -2.44913, -2.13106, -3.21961, -3.64054, -1.33037, -2.96825, -3.57734, -2.43817, -3.2588, -6.52556, -3.05891, -2.65087, -2.30408, -2.77072, -3.30562, -2.65549, -2.21172, -3.43482, -3.07641, -3.33789, -3.11081, -3.03929, -3.37094, -2.71655, -3.30445, -3.5469, -4.45684, -3.63159, -3.20359, -2.82929, -3.13458, -3.20482, -1.70915, 
2012_1: -3.83547, -3.34968, -3.31582, -2.64104, -3.35647, -1.80621, -3.06781, -2.94879, -3.50077, -3.56465, -3.90671, -3.23836, -3.49609, -4.40483, -2.33778, -3.7413, -3.01517, -3.34059, -3.02555, -3.14535, -3.70177, -3.8933, -3.13127, -3.14621, -3.10052, -4.1147, -2.52666, -3.60568, -4.20418, -4.41212, -3.37516, -3.93738, -4.65555, -2.50272, -3.06429, -3.9883, -3.83965, -3.3247, -3.3185, -2.20784, 
2006_4: -4.1578, -3.26162, -3.07051, -3.16979, -3.75258, -2.82503, -3.26092, -2.60701, -3.49104, -3.87494, -4.89421, -2.37535, -3.14821, -4.71275, -2.31849, -4.4847, -3.1772, -3.19877, -2.68631, -3.24325, -3.16096, -4.91136, -3.41645, -2.71181, -3.98321, -4.3044, -2.43964, -3.55821, -4.97759, -4.25083, -3.17375, -4.01061, -4.26505, -3.61755, -2.44527, -3.94429, -4.0498, -3.40373, -3.60254, -2.74886, 
2014_8: -3.63967, -3.93968, -2.60765, -2.97132, -3.99532, -2.14213, -4.33999, -3.67829, -4.64298, -4.33844, -3.56435, -5.3242, -4.42147, -5.2897, -2.36793, -4.45485, -4.04416, -3.71778, -4.03218, -3.07998, -4.16399, -3.26045, -7.1647, -3.93758, -4.41238, -4.5429, -2.22368, -3.2841, -3.14639, -3.80709, -4.40165, -2.59783, -7.69538, -2.68816, -2.91249, -4.27472, -3.92518, -2.3515, -3.84769, -3.31892, 
2012_6: -3.715, -3.88322, -2.90769, -2.74665, -3.55255, -2.21648, -3.32401, -3.14351, -3.43815, -5.14604, -3.27753, -3.9641, -3.73506, -3.49641, -2.12656, -4.33651, -4.19575, -3.5521, -3.50589, -3.07785, -4.3784, -3.3989, -4.64667, -3.50394, -5.42735, -4.6487, -2.34224, -3.81624, -2.82686, -4.03377, -3.84276, -3.86974, -4.12578, -2.98538, -2.95648, -3.32061, -3.11715, -3.048, -3.86349, -2.73825, 
2015_5: -4.84696, -3.28655, -4.57573, -2.16338, -2.70533, -2.02963, -3.29799, -2.40047, -3.61699, -3.69554, -2.94825, -3.16692, -3.60718, -3.35323, -1.75598, -5.08769, -3.85029, -3.23605, -2.66303, -3.10934, -4.45758, -4.36993, -3.66938, -3.07805, -4.39701, -3.7443, -2.22937, -3.22913, -2.77997, -4.01161, -3.53967, -4.88179, -5.65744, -4.54839, -2.41187, -3.3782, -3.93189, -3.44304, -5.64005, -2.33925, 
2009_4: -3.71358, -3.39936, -3.84274, -2.97787, -3.94903, -2.03732, -3.47509, -2.68071, -3.1544, -3.3838, -4.15025, -3.29283, -3.54244, -3.69226, -2.35685, -4.47472, -3.86713, -3.12591, -2.53977, -2.93476, -4.08015, -4.32206, -3.65782, -3.7507, -4.04612, -4.30199, -2.30379, -3.5588, -3.33912, -4.14023, -3.35566, -3.82187, -4.58708, -3.13804, -2.43102, -3.38459, -3.61459, -3.0348, -4.21262, -2.78869, 
2016_8: -3.82714, -3.65426, -3.1065, -2.74569, -4.82635, -1.85802, -4.19813, -4.42438, -3.29745, -3.57198, -2.62618, -4.71013, -3.23349, -2.95841, -1.95047, -3.78443, -6.04914, -3.91565, -4.1516, -3.79424, -4.16683, -3.50152, -4.24445, -3.0675, -4.39931, -3.74583, -3.03388, -3.42359, -2.6574, -3.495, -4.46646, -3.3589, -4.008, -2.65686, -4.32281, -3.68241, -3.79628, -2.56918, -3.46869, -2.76133, 
2013_8: -4.18157, -4.08951, -3.06517, -2.67879, -4.01765, -2.39694, -3.84543, -4.81961, -3.3516, -4.40754, -2.4497, -4.77932, -4.22226, -2.95595, -2.51739, -3.93259, -5.93964, -3.33878, -5.4517, -3.99086, -4.39141, -3.27017, -4.71301, -3.23825, -4.47391, -4.315, -2.28996, -3.53819, -2.64466, -3.93317, -4.11833, -3.11073, -3.93522, -2.98652, -3.94533, -4.24955, -3.48482, -3.10862, -4.26196, -2.81683, 
2007_5: -3.89014, -3.62484, -3.18616, -2.49068, -3.86949, -1.96759, -3.87659, -3.13151, -3.05958, -3.66376, -3.63448, -3.09661, -3.37076, -4.04984, -2.31949, -4.51069, -3.30714, -3.65659, -2.86171, -4.04171, -3.73126, -5.37606, -4.15192, -3.04133, -4.03114, -4.61196, -2.58714, -3.17553, -3.52166, -4.3026, -3.87677, -4.24874, -4.12358, -3.62508, -3.07748, -4.11155, -3.50274, -3.15489, -3.54263, -3.26936, 
2002_2: -3.81916, -2.87471, -3.37669, -2.79328, -3.36041, -1.44545, -3.92269, -2.14002, -2.76022, -2.97155, -3.78156, -1.55496, -2.47024, -4.21543, -2.55446, -3.86898, -3.80459, -3.27317, -2.59309, -3.72623, -3.33885, -4.08332, -2.36241, -2.24342, -4.8753, -4.56722, -2.66033, -2.57833, -4.95057, -4.3096, -2.79378, -4.78567, -4.33909, -7.23969, -3.53649, -3.75244, -3.47466, -4.32299, -4.08883, -1.69888, 
2014_5: -3.95113, -4.22469, -3.02308, -2.77462, -3.35303, -1.82681, -3.28492, -2.76579, -3.77442, -4.33952, -3.09887, -3.41445, -3.21557, -5.55066, -5.29119, -4.38999, -3.81877, -3.75015, -2.66553, -2.73802, -3.81548, -3.57845, -3.6825, -3.20896, -3.95127, -3.83108, -2.20717, -3.63986, -2.58115, -3.90092, -3.68202, -3.45937, -4.90441, -3.1354, -2.42256, -3.64312, -3.78996, -2.3981, -2.99114, -2.64678, 
2002_5: -3.9684, -3.56081, -3.30823, -2.10938, -3.72927, -2.27053, -3.39793, -2.61772, -2.93472, -3.83232, -6.57643, -2.23103, -3.21914, -5.00336, -2.28116, -3.96687, -3.72371, -3.32295, -2.26541, -3.4746, -3.02271, -3.87617, -3.05408, -2.64654, -4.15757, -3.86155, -2.42807, -2.97248, -4.02532, -3.91148, -3.13447, -4.66086, -4.37871, -3.03951, -4.25254, -3.62917, -3.70633, -3.40956, -3.79059, -1.93257, 
2005_7: -3.18921, -4.16099, -2.85048, -2.75152, -3.68639, -2.00213, -3.25565, -3.8742, -3.79322, -3.72407, -4.26922, -4.21705, -4.02691, -3.15826, -2.47784, -8.02264, -3.51919, -3.50896, -3.93977, -3.5475, -4.1005, -6.83641, -4.33044, -3.03981, -4.5204, -4.9461, -2.69729, -3.70813, -3.18844, -3.83306, -4.17146, -3.45764, -4.08418, -3.09624, -3.25427, -4.08347, -4.20941, -3.43194, -4.89531, -3.67435, 
2013_7: -4.21091, -4.88034, -3.10679, -2.84603, -3.96979, -2.41293, -3.7471, -3.83262, -3.46156, -4.20977, -3.6526, -5.21179, -3.7711, -2.84348, -2.87876, -4.23811, -4.15586, -4.01487, -4.47624, -3.3233, -5.02456, -3.27244, -8.21274, -3.28821, -4.73658, -4.46497, -2.46462, -4.4381, -2.49967, -4.11365, -3.96045, -3.30696, -3.91545, -2.99792, -4.08255, -4.07366, -3.42876, -3.21676, -3.87904, -3.26245, 
2005_0: -4.06259, -2.48858, -3.40078, -3.18209, -3.56608, -1.36751, -3.58397, -2.7129, -2.70075, -3.42739, -3.89569, -1.95959, -2.76554, -5.46782, -2.42474, -7.61561, -3.14842, -3.33767, -2.41102, -3.15778, -3.28848, -3.34549, -2.09804, -2.99553, -3.41458, -4.44545, -4.45923, -3.10111, -4.05249, -4.20413, -3.51274, -4.37922, -4.37331, -3.58382, -2.2626, -3.83885, -3.71785, -3.7315, -3.67859, -1.86428, 
2014_0: -17.3567, -2.87074, -3.99079, -2.69077, -3.29595, -1.9128, -3.43249, -2.63296, -3.27226, -3.5628, -3.32283, -2.90169, -3.07238, -5.41998, -1.77467, -4.25537, -3.50597, -3.29802, -3.07858, -2.68729, -3.43679, -3.58355, -2.83756, -3.24208, -3.50922, -4.25267, -2.5589, -3.01021, -3.07789, -4.6501, -3.51271, -4.17519, -8.3122, -2.62241, -5.29672, -3.46148, -4.27096, -3.14177, -3.50141, -2.47577, 
2007_0: -3.96381, -3.1548, -3.65468, -2.33149, -3.95251, -1.37244, -3.85379, -2.94699, -3.35126, -3.72615, -3.75787, -2.19655, -2.94855, -4.48955, -2.57772, -4.24183, -2.64286, -3.58484, -2.73407, -3.47682, -3.3454, -3.5337, -2.5822, -2.40044, -3.38113, -4.20794, -3.29781, -3.01382, -5.09475, -6.2878, -3.31295, -4.08433, -4.73085, -6.61422, -2.44339, -3.36367, -3.85031, -3.762, -3.84136, -2.18627, 
2010_2: -4.23686, -2.98438, -4.5651, -2.86153, -4.37743, -2.56225, -3.2382, -2.67409, -4.23613, -3.57819, -3.48686, -2.27065, -3.09032, -4.49564, -2.3044, -4.51853, -3.34136, -3.31481, -2.40278, -3.0081, -4.46639, -3.87793, -3.38808, -2.87574, -3.65748, -4.45028, -2.56758, -3.01515, -4.07519, -3.8096, -3.89851, -4.30158, -4.60865, -2.85453, -2.95379, -3.52231, -4.11664, -3.25268, -3.70712, -1.98868, 
2010_0: -4.37165, -3.37065, -3.73776, -2.97174, -3.48592, -1.62983, -3.92376, -2.8869, -3.36047, -2.99312, -5.01181, -2.53737, -3.31267, -4.74146, -2.47675, -3.81303, -2.80572, -3.49877, -2.17038, -3.63143, -3.51728, -3.31262, -2.82352, -3.57873, -3.30811, -4.21255, -2.7992, -2.86632, -3.9166, -4.80755, -4.3504, -4.06236, -4.55027, -2.77562, -2.79154, -3.59857, -3.70992, -4.13762, -3.80722, -3.04535, 
2008_3: -3.84845, -3.38333, -3.2913, -2.57923, -4.32021, -2.03252, -3.26251, -2.74685, -3.68454, -3.43368, -3.88453, -2.02608, -3.72212, -4.77451, -2.43809, -3.89057, -4.22423, -3.15497, -2.46026, -4.06499, -3.53694, -4.28979, -3.48372, -2.98725, -4.51237, -4.34243, -2.56314, -2.90498, -3.4264, -7.36882, -3.23875, -4.02774, -4.81832, -3.54976, -2.67271, -3.68136, -3.58811, -3.63551, -3.62872, -2.86623, 
2011_2: -4.93785, -2.81978, -3.92941, -2.66164, -3.59436, -2.179, -3.138, -2.69978, -3.63534, -3.04687, -3.62971, -2.92986, -3.42428, -4.32581, -2.35148, -4.42287, -3.76577, -3.18359, -2.00834, -3.31355, -3.2836, -3.64255, -2.8201, -3.30757, -3.1718, -3.78846, -2.48851, -2.8426, -3.4585, -4.44278, -3.16916, -4.94337, -4.63174, -2.52259, -2.52232, -3.1288, -3.81258, -3.68222, -4.15203, -2.13445, 
2005_4: -3.35502, -3.44181, -3.58767, -2.63896, -3.4388, -1.61612, -3.75099, -3.19732, -3.10822, -4.31684, -4.31585, -2.91847, -3.06753, -8.0218, -2.5854, -4.33628, -4.50352, -3.57194, -2.62913, -3.07275, -3.43344, -4.61114, -3.32639, -3.02316, -4.34192, -4.42602, -2.78898, -3.34136, -4.49975, -4.22448, -3.46868, -4.00591, -3.69726, -3.11206, -2.70849, -3.62047, -3.89556, -3.40956, -3.92488, -2.95245, 
2004_5: -4.02336, -2.40924, -3.99628, -2.14722, -3.31163, -1.48836, -3.3001, -2.75552, -4.74477, -3.12856, -3.40074, -2.07474, -2.81054, -4.01991, -2.13274, -5.93593, -3.78668, -5.80334, -2.03752, -3.14661, -6.45009, -4.267, -2.67242, -2.29205, -6.48303, -4.01758, -2.55565, -3.26215, -3.71826, -3.6586, -2.97881, -4.08589, -4.05841, -3.8883, -1.98495, -3.75877, -3.40269, -3.11879, -3.17081, -1.60909, 
2007_6: -3.45062, -3.61454, -3.05526, -2.57459, -3.77146, -2.4352, -3.02389, -3.21208, -3.47461, -3.78152, -3.70844, -3.65061, -3.9499, -3.53743, -2.13493, -4.38283, -4.34465, -3.0918, -3.07086, -3.01504, -4.12493, -9.08718, -4.64579, -3.13698, -4.4091, -4.44044, -2.42764, -4.78186, -2.96055, -4.31469, -3.36872, -3.27257, -4.06617, -3.13841, -2.82684, -3.26869, -3.09758, -3.19567, -3.61979, -2.76384, 
2000_7: -2.95619, -3.89399, -2.25723, -2.11791, -3.63175, -1.63653, -3.97153, -3.6472, -3.32255, -3.47251, -3.20306, -3.15156, -3.43687, -3.52455, -2.02779, -3.59154, -3.65818, -3.04111, -3.01935, -2.78535, -3.47495, -3.45707, -3.29015, -1.93768, -3.30339, -3.89926, -2.65622, -2.94645, -2.94753, -3.00825, -2.67528, -2.67225, -3.94272, -3.1455, -3.27988, -3.02557, -3.33311, -3.07545, -3.60188, -2.22767, 
1998_6: -4.19147, -3.36733, -2.74931, -2.43402, -3.5154, -1.74999, -3.3469, -3.96992, -3.68994, -3.55464, -4.30338, -5.7781, -3.42439, -5.80515, -2.64078, -3.66662, -3.79625, -2.96358, -2.74258, -2.95484, -3.34601, -3.65215, -3.39338, -2.45032, -3.63192, -6.22865, -2.76716, -2.91567, -2.85377, -3.4834, -3.06662, -3.57048, -3.70022, -3.12977, -3.40144, -3.34443, -3.93996, -2.58358, -2.9122, -2.35786, 
2008_1: -3.94021, -3.05294, -3.93725, -2.55696, -3.60942, -1.64189, -3.58437, -2.38879, -3.83346, -3.67473, -3.59377, -2.21399, -2.99562, -4.28078, -2.55271, -6.64982, -4.22398, -3.33044, -2.81703, -3.24713, -3.04763, -7.14684, -2.78915, -2.96102, -3.73187, -4.26662, -4.81164, -2.69371, -3.69756, -5.73195, -2.73434, -4.05567, -4.29319, -3.54308, -2.77115, -3.92739, -3.48856, -3.59503, -3.61696, -1.94716, 
1999_0: -3.31131, -4.85657, -3.18049, -1.99492, -3.30458, -1.89334, -3.24916, -2.34574, -2.40339, -3.20325, -3.68665, -1.43938, -2.37866, -3.7895, -2.93628, -4.5898, -3.79609, -2.91373, -2.46368, -2.99938, -2.89831, -3.51849, -1.78284, -3.26527, -3.94622, -3.57536, -3.06049, -4.44372, -3.82807, -3.36908, -3.34478, -4.0537, -3.90869, -3.26004, -3.4589, -3.62526, -3.53282, -4.18292, -3.21758, -2.32625, 
2004_6: -3.94892, -2.91262, -3.43238, -2.20262, -3.136, -1.5233, -3.00847, -2.36954, -2.78316, -5.35373, -3.78219, -2.0378, -3.21503, -4.13166, -1.88815, -3.70995, -4.56832, -3.51016, -2.00698, -3.14068, -3.74343, -3.54154, -2.45996, -2.45003, -3.84377, -3.87941, -2.78908, -3.36015, -3.27607, -3.59643, -3.17523, -4.10328, -4.37575, -3.82479, -2.13467, -3.12273, -3.0096, -3.136, -3.91661, -1.79418, 
2000_6: -2.43404, -3.71453, -2.54428, -2.23952, -3.7198, -1.85935, -3.25123, -3.01098, -6.20947, -3.40701, -4.07912, -2.78949, -3.33266, -3.95569, -2.50979, -3.28598, -3.65012, -2.84875, -2.95275, -3.51803, -3.41758, -4.10774, -2.6947, -3.34905, -3.99636, -3.83931, -2.87395, -2.9105, -4.32363, -3.16394, -3.09964, -3.54289, -4.14887, -3.30841, -3.84988, -5.39486, -3.19697, -2.97944, -3.17211, -4.11444, 
2002_7: -3.36961, -3.58244, -2.94673, -2.1556, -3.34739, -2.16789, -3.64296, -2.75054, -3.51127, -4.15784, -4.0828, -3.46459, -3.93589, -4.49742, -2.79277, -4.13634, -3.79442, -3.59075, -3.34234, -3.56885, -3.74988, -4.04109, -3.11365, -3.40861, -4.06751, -5.55324, -2.27711, -2.83318, -3.4746, -3.79804, -3.01411, -3.35778, -5.09448, -3.54961, -12.0785, -3.68939, -3.91118, -3.41565, -4.02067, -3.01424, 
2004_4: -3.60946, -2.3275, -3.95944, -2.24527, -2.78149, -1.14919, -2.41442, -2.22718, -3.16339, -3.08139, -3.83924, -1.60447, -2.71718, -3.84639, -2.41383, -3.35654, -5.47137, -3.42111, -2.15778, -2.8322, -2.60129, -3.82847, -2.57105, -2.6965, -3.12775, -3.66833, -4.07112, -2.41798, -2.97913, -3.64316, -2.17246, -3.76682, -3.71642, -3.74484, -2.3328, -4.21469, -3.25327, -2.78353, -2.94146, -1.56057, 
1998_2: -2.94866, -2.96734, -2.60448, -2.02826, -6.32593, -2.03096, -2.64415, -4.44891, -2.1301, -2.76854, -2.96541, -1.40878, -2.18704, -3.5817, -1.87841, -3.13789, -2.81455, -2.83033, -1.61669, -2.68154, -2.71916, -2.50378, -6.89731, -1.90018, -3.94319, -2.9934, -3.12767, -2.61442, -3.15598, -3.00818, -2.48817, -3.47724, -3.29539, -2.80407, -2.62433, -2.67805, -3.22319, -3.2318, -2.72409, -1.83574, 
2003_4: -3.44729, -3.49393, -2.95838, -2.27659, -3.29155, -1.40914, -4.07886, -2.87159, -3.23075, -3.86099, -3.8889, -2.22412, -3.50717, -8.74539, -2.12744, -3.82909, -4.00146, -3.58561, -2.84861, -3.58411, -3.14267, -5.5306, -3.11385, -2.46141, -3.77556, -3.89975, -3.09803, -3.0149, -3.5746, -3.79032, -3.3355, -4.79623, -4.24363, -3.67946, -5.20824, -3.58291, -3.1296, -3.41286, -3.86513, -2.0194, 
2010_1: -4.04084, -3.41606, -3.04285, -3.29389, -4.45605, -1.84295, -3.30563, -2.64532, -3.40132, -4.14585, -4.11802, -2.47754, -2.89818, -4.31947, -2.53949, -4.23943, -3.24748, -3.33784, -2.63671, -3.04171, -3.52715, -3.61731, -3.54055, -2.76233, -3.32706, -4.38751, -5.26795, -5.57547, -3.95967, -4.52712, -3.26418, -3.98242, -4.27445, -3.19107, -2.86809, -3.83476, -4.08024, -3.34788, -4.06765, -2.31988, 
2009_5: -4.53167, -3.65117, -3.15917, -2.52543, -4.9052, -1.91044, -3.23303, -2.76942, -3.1681, -3.63891, -4.08943, -3.70863, -3.11135, -3.25605, -2.34784, -4.48029, -9.64293, -4.11681, -2.75435, -3.086, -4.29345, -4.42522, -3.85335, -3.4566, -4.80452, -4.84606, -3.45004, -2.98427, -3.34455, -4.35434, -3.3671, -4.25211, -4.48249, -3.04573, -2.5842, -3.61883, -3.27881, -2.8948, -4.12465, -2.5199, 
2011_5: -4.62937, -3.17077, -4.82278, -2.51796, -4.14128, -1.79298, -3.35506, -2.3488, -3.08275, -3.41423, -3.25818, -2.83802, -3.30503, -3.32745, -2.64614, -3.9751, -4.10937, -3.34494, -2.37023, -3.79637, -2.87983, -4.22421, -3.54239, -2.62928, -3.94454, -4.0845, -2.40893, -3.21645, -3.0367, -3.7614, -5.83059, -4.82018, -3.88928, -3.01997, -2.57128, -3.47549, -3.62978, -3.74384, -4.20783, -2.72899, 
2009_7: -4.02782, -4.38326, -3.2017, -2.68899, -4.34013, -2.06868, -4.12958, -4.09165, -3.73465, -4.50198, -3.57985, -4.6594, -4.36131, -2.84946, -2.74582, -5.80088, -4.01775, -3.14698, -4.82492, -3.30645, -4.66264, -3.60768, -4.62179, -2.87744, -4.43081, -5.04732, -4.10507, -3.30654, -2.96946, -4.5853, -3.32235, -3.06067, -3.57884, -3.20754, -2.77158, -3.90008, -3.45463, -3.06681, -4.16527, -3.75226, 
2003_3: -5.34872, -3.21575, -3.81824, -2.16585, -3.58221, -1.67296, -3.18684, -3.10373, -2.81943, -3.46692, -6.09581, -1.80299, -2.56165, -4.95271, -2.2674, -3.83896, -4.2109, -3.32048, -2.38252, -2.72319, -3.32884, -4.32056, -2.50098, -2.7762, -7.24739, -5.21338, -2.78975, -2.87421, -3.83067, -4.25788, -2.7481, -3.86452, -4.4302, -3.97162, -3.85118, -3.63325, -3.23364, -3.10208, -3.8075, -1.73403, 
2003_0: -3.74038, -2.15042, -3.59829, -3.23639, -3.31578, -1.59859, -3.4128, -2.48862, -2.67316, -2.90692, -4.70328, -1.51973, -2.97116, -3.86739, -3.3185, -4.20773, -3.6477, -2.88486, -2.0453, -2.70056, -3.59729, -3.45774, -1.97326, -2.4114, -3.73964, -4.30127, -3.58132, -3.03311, -3.9234, -4.01609, -2.50917, -5.55039, -4.33487, -3.80309, -3.84948, -3.30131, -3.37497, -3.12416, -3.3147, -1.54337, 
2014_7: -3.55668, -3.51409, -2.81549, -2.69635, -3.15879, -1.86678, -3.5629, -3.40735, -3.88264, -3.91433, -3.157, -4.24523, -4.35968, -5.0426, -2.17043, -4.19987, -4.08055, -3.2674, -3.15611, -2.9317, -3.80442, -3.65798, -4.01388, -3.96359, -4.21607, -4.37009, -2.21897, -3.30543, -2.70129, -4.16005, -4.07223, -3.27031, -4.94499, -3.0143, -2.77433, -3.76061, -4.08707, -2.32815, -3.1404, -2.92626, 
2013_5: -4.15409, -3.77906, -3.62343, -2.62037, -3.40465, -2.19476, -4.14868, -2.55135, -3.8221, -3.9197, -3.06575, -4.19934, -4.175, -3.89099, -1.81904, -4.98284, -4.48972, -3.63814, -4.26138, -3.21982, -4.01508, -4.01537, -5.87067, -3.12091, -4.54153, -4.5496, -2.10775, -3.43726, -2.97805, -3.94231, -3.51101, -3.58611, -4.27002, -3.00635, -2.98288, -3.2639, -3.76136, -2.97167, -4.04202, -2.82595, 
2008_5: -4.36915, -3.30765, -3.54155, -2.33058, -4.4729, -1.98275, -2.97726, -3.02329, -3.3545, -3.94618, -3.33772, -3.92921, -3.67073, -3.51037, -2.51004, -4.08518, -18.0152, -3.71938, -3.13367, -3.29981, -4.36939, -4.04918, -3.68966, -2.97849, -4.27454, -5.3054, -2.34931, -3.04271, -3.5344, -3.94761, -3.42242, -4.33673, -4.33103, -3.22299, -2.62198, -3.45174, -3.85273, -3.2011, -3.60144, -2.67012, 
2006_3: -4.28657, -3.03911, -3.40793, -2.47068, -3.69705, -1.73936, -3.12785, -3.12946, -3.18377, -4.16216, -4.09345, -2.71494, -3.63098, -4.07136, -2.62815, -4.1965, -9.73308, -3.23446, -2.82803, -3.05366, -3.79962, -4.39908, -2.81525, -3.52542, -3.73269, -4.32323, -4.26317, -3.84195, -4.01623, -4.27806, -3.27777, -3.98795, -4.31839, -2.84236, -3.21427, -3.80585, -4.21238, -3.64718, -3.4405, -2.35155, 
2006_6: -3.44094, -3.8485, -8.22607, -2.58055, -4.01305, -2.1523, -4.08302, -4.09785, -3.39366, -4.14919, -5.17661, -3.77166, -3.80251, -3.16055, -2.59381, -4.56938, -4.37235, -3.67277, -3.07262, -3.70798, -3.76716, -3.93179, -4.2632, -3.05578, -3.94107, -4.26346, -2.40964, -3.15452, -3.9668, -3.9836, -3.50217, -3.87608, -3.82271, -2.95267, -2.69311, -3.59646, -3.88032, -3.06773, -3.34802, -3.12678, 
2013_1: -4.14535, -3.21266, -3.4704, -3.02929, -3.26869, -2.07931, -3.58571, -2.71925, -3.34551, -3.4705, -3.34779, -2.94586, -3.24856, -4.32449, -2.28681, -4.36814, -3.76599, -3.64036, -2.74816, -3.42388, -3.84663, -4.97596, -3.14118, -3.20984, -4.33296, -4.01864, -2.99101, -3.99414, -3.73612, -4.15792, -3.91641, -3.86071, -4.47019, -4.52223, -2.5701, -3.56555, -3.94582, -3.85837, -3.97694, -2.48543, 
1999_7: -2.61191, -4.05241, -2.78911, -2.41554, -3.4665, -1.50936, -3.35965, -3.48663, -3.55402, -2.77893, -3.64552, -3.27297, -3.54206, -3.77079, -2.13486, -3.81016, -3.47265, -3.07268, -2.88866, -3.34741, -3.96452, -4.19679, -3.3965, -2.15255, -3.57581, -5.42433, -2.63723, -2.618, -3.01342, -3.39505, -3.48391, -3.05456, -3.86136, -3.25792, -4.62494, -3.27364, -3.14842, -3.09249, -4.74081, -2.57979, 
2005_5: -3.76662, -3.16425, -3.52535, -2.56022, -3.8235, -1.87102, -3.19051, -3.12401, -2.87219, -3.10321, -4.26031, -2.94489, -3.61931, -3.78488, -2.65059, -4.60707, -4.41902, -3.10053, -2.9701, -4.13532, -4.21502, -3.94352, -3.19025, -3.18972, -4.74507, -4.46725, -2.85159, -3.3235, -3.95284, -4.08044, -3.67857, -3.85234, -3.69025, -3.15683, -2.63317, -3.93765, -3.64149, -3.5672, -3.32474, -2.92786, 
2000_1: -3.10043, -4.26576, -2.72559, -3.1993, -3.17918, -1.39975, -4.56444, -2.8666, -2.84085, -3.08425, -3.37114, -1.67823, -2.27077, -3.41488, -4.63608, -3.14324, -3.06124, -4.97259, -2.81641, -2.79507, -2.41263, -2.81075, -2.05116, -2.45869, -5.01824, -3.10083, -2.67034, -2.64715, -6.75009, -6.44511, -2.36309, -5.47851, -4.07095, -3.42207, -2.86655, -3.11585, -2.92756, -3.47218, -3.0552, -1.46583, 
2008_8: -3.72342, -4.29337, -2.67704, -2.60157, -4.77124, -2.09669, -3.74207, -3.89535, -4.23642, -3.86397, -3.22881, -4.5744, -6.37984, -3.47756, -2.70203, -4.23768, -4.64228, -6.52101, -4.15515, -3.93572, -4.48282, -3.32484, -4.6549, -2.97301, -4.49299, -4.55244, -2.47439, -3.24021, -2.80456, -4.08292, -3.76049, -2.62597, -4.48669, -3.35047, -3.23016, -3.84029, -3.69146, -2.72993, -4.42415, -3.04813, 
2011_7: -5.8812, -4.18206, -4.42495, -2.36801, -4.13855, -3.43872, -3.59852, -3.11552, -3.52433, -3.42193, -3.27119, -3.73295, -3.24252, -2.44977, -2.86042, -4.21639, -4.0876, -3.30245, -2.90975, -4.09195, -4.1928, -4.15471, -4.54546, -2.90587, -4.19415, -4.03546, -2.17538, -3.65192, -3.03775, -4.5729, -3.85372, -4.62788, -2.96931, -3.26747, -2.56914, -4.92477, -3.37908, -4.18628, -4.83936, -2.20049, 
2013_2: -7.89704, -3.05031, -3.36411, -2.42758, -3.59552, -1.69367, -3.31657, -2.71151, -3.19965, -3.01641, -3.82012, -3.22715, -3.58955, -4.57942, -2.26219, -4.37806, -4.24601, -3.09586, -2.53091, -3.00297, -3.89663, -4.18714, -3.63147, -2.91943, -3.85936, -3.88993, -2.60706, -3.63965, -3.24349, -4.29377, -3.5856, -3.62463, -4.12297, -4.81142, -2.52667, -3.55939, -3.70013, -3.02303, -3.7643, -2.25056, 
2015_8: -4.54865, -3.22429, -4.16935, -2.26562, -3.79055, -1.65759, -4.55478, -4.29928, -2.6349, -3.79962, -2.23503, -4.44685, -3.21229, -2.47578, -2.1259, -3.90652, -4.22316, -3.84978, -3.93441, -3.12186, -3.48855, -6.12604, -3.65999, -3.13301, -4.2513, -2.76637, -2.19457, -3.13639, -2.14426, -4.60064, -4.50333, -14.0354, -3.3067, -2.81355, -3.67242, -3.65005, -3.74664, -3.83735, -8.35572, -2.63505, 
2016_4: -7.2873, -3.10355, -3.54818, -2.71015, -3.21069, -1.96626, -3.85856, -3.00747, -3.91475, -3.65269, -2.63153, -4.38067, -3.24714, -5.04112, -2.38348, -4.19478, -4.28761, -3.69102, -3.29866, -2.85587, -3.92816, -3.47634, -4.11741, -3.10428, -3.91998, -3.83662, -2.33952, -4.84364, -2.60251, -3.85107, -3.85481, -3.94365, -3.99548, -2.88774, -2.61142, -4.10262, -3.64694, -2.43666, -3.19779, -2.8226, 
2000_0: -3.50772, -2.85985, -3.24364, -2.3075, -3.09733, -1.62386, -3.07903, -2.85125, -2.07589, -3.07351, -4.62053, -1.15311, -2.55144, -3.64536, -2.93007, -3.5606, -3.3712, -3.45113, -2.28913, -2.16087, -2.77993, -4.68491, -1.87643, -3.31659, -3.80366, -3.35668, -2.98525, -2.9762, -3.42859, -3.38613, -2.89392, -3.28542, -3.4745, -3.71652, -3.51333, -2.88399, -3.04423, -3.61454, -3.09719, -1.07302, 
2010_7: -3.73064, -4.79103, -3.00895, -2.78973, -7.11872, -2.11894, -3.6993, -3.46965, -3.60222, -4.07546, -3.59977, -4.07632, -4.27223, -3.90395, -2.54351, -4.51197, -4.21004, -3.13681, -3.39222, -3.26298, -4.1585, -3.26321, -4.44237, -3.25548, -4.55454, -4.23827, -2.2941, -3.34831, -3.14003, -3.76133, -3.54904, -3.25095, -4.27174, -3.4036, -3.52269, -3.41221, -3.61277, -2.77067, -4.1546, -2.82809, 
2002_3: -3.84007, -3.00154, -3.26125, -2.42745, -3.58849, -1.66399, -3.51643, -2.10747, -2.71083, -3.17637, -3.67014, -1.7995, -3.04879, -3.78047, -2.85384, -10.9825, -3.71825, -3.32986, -2.49276, -2.75387, -2.91924, -3.50251, -3.75002, -2.52251, -4.46742, -5.29707, -2.81687, -3.46088, -3.5132, -3.96352, -2.60143, -4.26264, -4.04724, -3.55316, -4.09492, -3.25942, -4.36038, -3.54281, -3.22218, -1.84374, 
2010_4: -3.79513, -3.5442, -3.67498, -2.68896, -3.91758, -2.07613, -2.99553, -2.89907, -3.68944, -3.69871, -3.71521, -2.98494, -3.77899, -3.87503, -2.41891, -5.01525, -3.49525, -3.1071, -2.76742, -3.02742, -3.64036, -4.03543, -3.36575, -3.05997, -3.84553, -4.14951, -2.41046, -3.43754, -3.69198, -3.93153, -3.13283, -4.10152, -4.29945, -2.94294, -2.80483, -4.07884, -3.65211, -3.03287, -4.14949, -2.31246, 
2007_4: -3.61963, -3.58666, -3.28957, -2.5796, -3.48143, -1.75493, -3.30427, -3.08623, -3.29245, -3.78622, -4.37398, -2.66975, -3.60417, -4.38706, -2.46129, -4.27407, -3.39346, -3.61007, -2.58642, -3.68771, -3.92249, -4.09951, -2.92302, -2.91552, -4.45913, -4.32912, -2.62047, -3.01928, -3.89516, -4.64941, -3.47393, -3.74223, -4.13014, -3.33619, -2.56471, -4.10485, -3.31794, -3.73982, -4.19679, -2.78392, 
2010_3: -3.7547, -2.7028, -3.71614, -2.39081, -3.05988, -2.89555, -3.89607, -2.4923, -4.64834, -3.66861, -3.83829, -3.10898, -3.72252, -4.38671, -1.9505, -4.34669, -3.83376, -3.20727, -2.54991, -3.02638, -3.78802, -3.87583, -3.16567, -2.73337, -3.87619, -3.72946, -2.45196, -3.30315, -3.84171, -4.13938, -3.51746, -4.01412, -5.21812, -3.06732, -2.91645, -3.52534, -4.07999, -3.38067, -3.91555, -2.16617, 
2008_4: -3.46033, -3.38641, -3.26873, -2.49068, -4.12247, -1.94588, -3.09178, -3.06582, -3.48057, -3.48377, -3.92913, -3.05776, -3.79114, -3.85314, -2.44024, -5.6915, -4.0213, -3.17475, -2.48207, -3.58935, -3.64949, -3.36655, -3.49919, -2.84609, -3.77883, -3.77266, -2.56024, -2.70141, -3.25103, -4.22115, -3.12518, -3.71999, -4.04393, -3.16757, -2.4892, -3.49727, -4.13144, -3.86538, -3.40076, -2.41202, 
2011_6: -4.35048, -3.9116, -4.23992, -2.23538, -3.58685, -1.81659, -3.09242, -2.54479, -3.33799, -3.74623, -3.31868, -3.22865, -3.40451, -3.02847, -2.46595, -3.94671, -5.19966, -4.00424, -2.68531, -4.53846, -3.54591, -4.10615, -3.83678, -3.22589, -4.4533, -3.92472, -2.08828, -3.33139, -3.53027, -4.11385, -3.43159, -4.50506, -4.69869, -3.39706, -2.40498, -3.19493, -13.3294, -3.64599, -3.64275, -2.54672, 
2001_2: -3.75657, -2.84282, -4.30305, -2.79513, -4.35867, -1.90259, -3.60679, -1.86695, -3.07123, -3.05684, -3.97421, -1.48595, -2.71502, -3.84362, -3.28454, -4.78018, -3.69215, -3.90733, -1.94281, -2.76031, -3.52666, -3.85239, -1.74451, -3.09477, -3.28653, -3.87017, -2.6834, -7.29263, -3.29592, -3.48221, -2.53969, -3.90799, -4.16048, -3.49792, -3.7504, -3.6173, -2.78787, -3.39654, -3.40138, -1.73138, 
2001_3: -3.78738, -2.94039, -5.31784, -2.28274, -3.11485, -1.8312, -2.94584, -2.21416, -2.65592, -3.21722, -4.69256, -1.41441, -2.60496, -3.94746, -2.6241, -3.68313, -3.76026, -3.41806, -2.07189, -3.29521, -2.571, -3.33572, -2.09656, -2.55591, -5.76576, -3.77941, -2.95445, -2.85421, -3.48748, -3.85761, -2.76661, -3.70599, -4.12054, -3.38456, -3.9304, -3.28132, -2.97334, -3.91353, -3.67034, -1.3368, 
2000_3: -2.82395, -2.52621, -3.57288, -2.51267, -3.39848, -3.07624, -3.95465, -2.38136, -3.33272, -2.81578, -3.56666, -1.81324, -3.13677, -5.59977, -3.63593, -3.51677, -4.15648, -2.94534, -2.75297, -2.61623, -2.36888, -3.30015, -2.10407, -2.20146, -3.1686, -3.65361, -2.64531, -3.21864, -3.19771, -3.4262, -2.78577, -7.20678, -3.51588, -2.96416, -8.83846, -3.10869, -2.71641, -2.94418, -3.10183, -1.83249, 
2005_6: -3.86567, -5.0958, -3.02327, -2.59693, -3.94863, -1.86606, -4.55521, -2.8231, -3.29845, -3.23846, -4.27375, -3.20396, -3.52686, -3.9052, -2.46944, -4.32812, -4.18249, -3.36257, -2.87873, -3.77907, -4.69759, -3.93102, -3.90794, -3.3547, -3.93788, -4.36813, -2.53872, -3.64425, -3.15076, -3.68156, -3.9573, -3.78342, -4.12169, -3.49478, -2.53868, -8.48162, -4.19332, -3.38763, -3.8011, -2.52756, 
1998_1: -4.80687, -3.15507, -4.68686, -2.65874, -3.08917, -1.16757, -3.31282, -2.55745, -2.75365, -2.8352, -4.00348, -1.59274, -2.87423, -3.37474, -5.6429, -3.54504, -3.49384, -2.90678, -2.1423, -4.02644, -2.79427, -3.29837, -3.93607, -2.1992, -3.3456, -3.42526, -3.76412, -2.65055, -3.40664, -3.19618, -2.72952, -3.58242, -3.44762, -3.24232, -7.54409, -3.1357, -2.68526, -3.18174, -3.56615, -1.9161, 
2001_4: -6.47915, -2.53349, -3.44238, -2.09888, -4.56873, -1.45302, -2.81189, -1.89484, -2.82491, -2.59792, -3.7893, -1.68093, -2.47331, -3.5547, -2.52626, -3.13664, -3.59994, -3.45475, -1.83727, -5.68305, -2.81408, -3.29798, -2.74887, -2.30185, -4.91085, -3.24275, -3.05076, -2.55237, -3.20822, -4.02698, -2.46276, -3.5908, -3.41495, -3.44419, -5.0355, -3.22806, -2.89329, -2.67514, -3.13613, -1.28163, 
2000_8: -2.90311, -3.95907, -2.07639, -2.8034, -4.24893, -1.90497, -5.15053, -4.19616, -3.88735, -3.91867, -3.80445, -4.04117, -3.79579, -3.92356, -2.04989, -3.61598, -4.07198, -3.12735, -3.57048, -3.58872, -3.69328, -3.49712, -3.93283, -2.74526, -3.47561, -4.09235, -2.34046, -2.4217, -2.94885, -3.32641, -8.36644, -2.72342, -6.15498, -2.47245, -3.60453, -4.11315, -2.94639, -3.8581, -3.37506, -3.86121, 
2009_8: -3.67452, -4.30595, -2.94176, -2.78392, -4.37956, -2.17047, -3.87487, -5.09815, -3.39571, -3.96245, -5.4277, -4.56718, -4.09795, -2.99905, -2.27302, -3.83044, -4.49389, -3.82217, -4.2894, -3.60217, -6.05528, -3.43577, -4.83055, -2.85024, -5.5465, -4.71345, -2.32471, -4.21907, -2.4825, -3.73914, -3.87402, -2.97979, -4.30933, -3.71927, -3.46448, -3.60546, -3.77256, -3.94223, -4.36533, -3.11993, 
2010_5: -4.07224, -3.67257, -3.54324, -2.58144, -3.75557, -2.11564, -3.60745, -2.8356, -3.6401, -4.31966, -3.76333, -3.30779, -4.65179, -3.37925, -2.41552, -4.09685, -4.00683, -3.45633, -2.65812, -3.1646, -4.45229, -3.51825, -3.68555, -2.92746, -4.51295, -3.81769, -2.67706, -3.32383, -3.26991, -4.12737, -3.08108, -4.03812, -4.93835, -3.02599, -2.7169, -3.98492, -3.56045, -2.96799, -3.85221, -2.55348, 
1999_6: -3.07956, -3.37919, -3.19553, -2.07268, -3.54474, -1.92456, -4.38416, -3.13368, -3.09298, -3.19301, -3.645, -3.03224, -3.7724, -4.44445, -2.08957, -3.6779, -3.99726, -3.28974, -3.17547, -4.26851, -3.1407, -3.93273, -3.15276, -2.83622, -3.34531, -3.82413, -2.80324, -3.07237, -3.16312, -3.28406, -4.17419, -3.38271, -4.01949, -3.51117, -3.47767, -3.10492, -3.06698, -6.79411, -3.23576, -2.30965, 
2009_1: -4.28224, -3.01817, -3.54989, -3.06531, -3.65242, -1.60394, -3.08492, -2.53114, -2.86668, -3.30629, -3.64557, -2.57784, -3.05163, -4.53978, -2.5274, -3.75146, -3.06425, -3.40996, -2.53476, -2.79061, -3.0839, -5.03446, -2.3997, -3.23679, -3.71004, -6.07583, -2.70334, -3.01917, -3.87311, -3.80727, -2.8884, -3.96488, -4.7084, -3.2297, -2.28444, -4.09926, -3.56743, -4.00942, -3.53512, -1.85649, 
1997_4: -2.78568, -3.50306, -3.76324, -2.85896, -3.34641, -1.60528, -2.78009, -2.35501, -3.17331, -3.31197, -3.41771, -1.91193, -3.43368, -4.32727, -2.73808, -3.79665, -3.40023, -2.91063, -1.75545, -2.59741, -3.34877, -4.64064, -6.0745, -4.33509, -3.95769, -3.89265, -2.74985, -2.79258, -3.1495, -6.48512, -3.11433, -3.27474, -3.75737, -5.89079, -3.7826, -3.24648, -3.4498, -5.70573, -3.12221, -1.55763, 
1997_2: -4.15019, -4.84114, -2.5881, -3.97445, -2.9693, -2.57125, -2.52162, -2.62713, -2.75802, -3.07689, -3.09773, -1.92735, -2.99768, -3.17614, -4.78808, -3.2941, -2.88851, -2.83219, -2.3553, -2.86536, -3.17175, -3.22371, -2.60199, -2.22439, -3.11827, -3.3315, -2.83366, -2.66085, -4.66572, -3.39643, -3.13497, -3.33606, -3.48454, -4.53946, -3.24691, -2.74088, -3.17314, -2.9104, -4.00726, -1.23547, 
2003_1: -7.04509, -2.08325, -4.40561, -2.38804, -3.24768, -1.41392, -3.37326, -2.21523, -3.08313, -4.05902, -3.92707, -1.67281, -3.10465, -3.77199, -2.93037, -3.81334, -3.44891, -2.97319, -1.74577, -2.87517, -2.56721, -3.69192, -1.73707, -2.29683, -4.10635, -4.06375, -3.72132, -3.0421, -3.65727, -3.24672, -2.73649, -3.65759, -3.82298, -3.74848, -3.55486, -3.14855, -3.61495, -3.71994, -4.10468, -1.85081, 
1999_5: -3.05816, -6.98911, -2.75059, -2.33155, -3.70015, -2.00766, -3.3108, -3.14448, -3.72091, -3.13818, -4.21545, -4.47998, -3.2292, -8.25632, -2.73925, -3.60283, -3.44199, -3.72204, -2.53604, -2.97693, -3.65238, -3.70313, -3.27771, -2.64498, -4.38478, -3.46161, -2.67314, -3.22278, -3.45779, -3.62742, -3.00309, -3.63587, -3.92081, -3.33051, -3.63252, -4.40094, -3.3964, -3.078, -3.75482, -1.91531, 
2016_3: -4.37041, -3.2008, -3.68298, -2.65856, -3.26717, -2.49731, -3.39489, -2.91998, -3.10678, -3.4585, -2.9634, -7.66065, -3.36961, -4.83179, -1.90104, -4.11003, -3.99287, -3.54067, -2.76497, -3.73913, -4.00687, -3.85617, -3.46893, -3.19996, -4.27217, -3.23839, -2.32667, -3.08392, -2.48413, -3.39622, -4.14327, -4.28226, -4.61469, -3.06843, -2.9333, -3.73204, -4.20626, -2.87511, -3.75121, -3.02182, 
2004_7: -4.42794, -3.01265, -6.6162, -2.03271, -3.92066, -1.75506, -3.01128, -2.72837, -2.72753, -3.55301, -3.38216, -2.93268, -3.87389, -4.62835, -2.04621, -3.96192, -4.07379, -3.24007, -2.89253, -3.47111, -3.92727, -3.85013, -3.39528, -2.45423, -4.0679, -4.72188, -2.40212, -3.27152, -3.2577, -3.9159, -2.876, -4.46114, -4.1232, -3.81174, -2.83042, -3.65403, -2.80355, -4.12786, -3.69431, -2.68761, 
1997_5: -2.70131, -3.41292, -3.00129, -2.62107, -3.46973, -1.63765, -3.21309, -3.04238, -3.50341, -3.37469, -6.33957, -2.07037, -2.99367, -4.21842, -2.49019, -3.84191, -3.78194, -2.51735, -2.86877, -6.63388, -2.81659, -3.42408, -3.61802, -2.65946, -3.7585, -3.99555, -2.47734, -2.99701, -3.47559, -3.54093, -3.38419, -3.22657, -4.03285, -4.30295, -3.62733, -3.94489, -3.25955, -3.25016, -3.31198, -2.21273, 
2005_3: -3.85184, -3.07941, -3.7574, -2.45858, -3.22913, -2.56243, -3.49487, -2.80139, -2.74716, -3.72195, -4.33179, -2.50331, -3.09133, -7.17987, -2.37148, -14.0873, -3.94567, -3.45522, -3.14239, -3.10705, -3.58988, -4.30578, -2.844, -3.33864, -4.08782, -4.67265, -2.74962, -2.99365, -3.99972, -4.00432, -3.03694, -3.77582, -4.00915, -3.90699, -2.69324, -3.80295, -3.21643, -4.05005, -3.63357, -2.57115, 
2017_8: -6.36926, -2.68452, -4.98699, -2.10753, -5.32138, -1.56633, -2.76202, -2.73229, -2.62012, -3.02675, -2.02376, -3.06125, -2.30404, -1.6321, -2.55188, -2.79207, -3.26725, -6.60122, -3.31335, -2.83069, -2.98922, -7.37404, -3.036, -2.79092, -3.15675, -2.15754, -1.81528, -2.321, -2.087, -2.70841, -4.36664, -2.90184, -2.61298, -2.05308, -3.0577, -3.01976, -3.14838, -2.83577, -2.84236, -1.8919, 
2006_8: -3.56389, -4.47306, -2.68863, -2.66415, -3.98039, -1.5951, -3.7254, -4.35157, -4.29903, -5.57869, -4.3378, -4.88157, -4.51105, -3.23921, -2.73649, -5.03802, -4.00128, -3.42453, -4.74045, -4.269, -3.78973, -3.0343, -4.61222, -2.94927, -4.78113, -4.70981, -2.66634, -3.59416, -2.89187, -3.83464, -3.84384, -2.78247, -4.60303, -2.96769, -3.2952, -3.32338, -16.4554, -3.6738, -4.44837, -3.51757, 
2012_0: -4.47428, -3.09776, -3.16517, -2.78111, -3.94971, -2.62376, -3.61438, -2.7228, -3.43158, -3.55531, -4.54446, -3.1315, -3.02627, -4.84744, -1.93568, -3.89125, -2.8779, -2.9706, -2.45219, -2.81605, -3.37989, -3.63729, -3.03252, -2.80114, -3.05294, -4.4779, -2.48231, -2.83062, -3.94662, -3.84936, -3.35421, -5.11177, -4.64354, -2.51684, -2.60517, -3.89371, -3.59994, -3.48443, -3.91212, -2.33655, 
2001_5: -3.74929, -3.27102, -3.5911, -1.71597, -3.45147, -1.54666, -2.55841, -2.106, -2.07402, -2.40205, -3.80488, -2.05133, -2.61717, -6.12095, -1.98819, -3.60655, -4.03475, -2.93498, -2.04803, -3.1415, -3.04139, -3.44907, -2.41232, -2.52043, -3.37565, -3.54084, -2.85418, -2.94327, -5.15148, -4.1733, -2.73467, -3.83758, -3.87565, -3.3782, -3.32719, -6.37311, -5.72248, -3.2045, -3.40027, -1.52403, 
1997_8: -3.04436, -3.73993, -2.52378, -2.04404, -3.50258, -1.92511, -2.75394, -3.19451, -5.18774, -3.33134, -3.39153, -5.29545, -3.52618, -3.82979, -2.19929, -3.42973, -3.21603, -3.64685, -3.25046, -3.35555, -3.91679, -3.64283, -5.17532, -3.26289, -3.56308, -3.70156, -2.46456, -2.7794, -2.61129, -3.22668, -3.54423, -2.78314, -4.00671, -3.2458, -3.62077, -3.63296, -5.04936, -2.7241, -2.94593, -3.17891, 
2003_8: -2.67628, -6.43236, -2.58105, -2.75181, -4.37663, -1.94054, -4.04577, -3.43005, -3.79513, -4.0504, -6.61721, -4.20426, -3.7759, -4.52237, -2.39572, -3.93216, -4.32628, -3.17393, -3.76589, -3.73353, -4.18138, -3.50045, -4.39185, -2.96443, -4.2889, -4.2252, -2.52923, -3.07633, -2.67511, -3.83276, -5.23493, -2.05053, -4.47961, -3.70575, -5.39573, -7.0861, -3.09621, -3.65001, -4.0006, -4.17799, 
1997_0: -4.35323, -2.87211, -3.19688, -2.20538, -3.65805, -1.43101, -3.3558, -2.26811, -2.5431, -3.16234, -3.18346, -1.02175, -2.51266, -3.45976, -2.4348, -3.26175, -3.24435, -2.6392, -1.86705, -4.04906, -2.42119, -3.03479, -2.25693, -1.98593, -3.29054, -3.36936, -4.0665, -2.39257, -3.36142, -3.36943, -2.82478, -3.42062, -3.59361, -6.56425, -3.66074, -3.08196, -2.97819, -3.32793, -3.54105, -1.60061, 
2002_0: -3.98352, -3.746, -3.48192, -2.38055, -3.6817, -1.18911, -3.26577, -2.01969, -2.64183, -3.08952, -4.39165, -1.4126, -2.16011, -4.10248, -2.93213, -3.83725, -4.84076, -3.4203, -2.49363, -2.66707, -3.06921, -3.71605, -1.76846, -2.59232, -3.79227, -3.92536, -3.55576, -3.21295, -4.02829, -5.84311, -2.73589, -3.94179, -5.35371, -3.72107, -3.57906, -3.18957, -3.22783, -3.89082, -3.57557, -1.48407, 
1999_1: -2.97537, -3.22, -3.36652, -2.58677, -3.36305, -1.18816, -3.52303, -4.92709, -2.68691, -3.51645, -3.37399, -1.43692, -2.56772, -5.53994, -2.96453, -3.39421, -6.51509, -3.4783, -2.2355, -4.20841, -3.01147, -2.86827, -2.20432, -2.70104, -3.10744, -5.57723, -5.38495, -3.18876, -3.70628, -4.79625, -3.11298, -4.27376, -3.52007, -3.25913, -3.04844, -3.08016, -2.95844, -3.55123, -3.05804, -2.45916, 
2006_1: -4.15567, -2.80521, -3.54003, -5.30421, -7.31769, -1.8107, -3.75015, -2.81821, -3.15222, -4.22863, -4.66576, -2.08795, -2.96784, -4.97996, -3.68418, -3.85501, -3.85234, -2.43032, -3.07319, -4.47759, -3.45822, -3.62642, -2.54187, -3.08644, -3.11904, -3.86536, -3.17971, -2.60717, -4.56444, -3.88627, -3.30742, -4.28864, -8.24829, -2.84012, -2.61813, -3.49228, -3.8371, -3.5823, -3.1422, -2.11416, 
2003_6: -3.47376, -3.41643, -2.72895, -2.31827, -3.65807, -1.94013, -3.43267, -2.99675, -3.27026, -3.72503, -4.09154, -3.05481, -3.45686, -4.30616, -2.46166, -3.988, -3.95373, -3.76983, -2.55338, -3.97666, -3.74166, -3.98604, -4.36065, -2.98529, -3.86812, -6.50103, -2.37366, -3.4282, -5.46684, -3.97029, -2.87474, -3.68136, -4.50339, -3.39213, -3.82051, -3.39794, -3.9329, -3.44853, -4.35657, -2.84104, 
2007_1: -4.05329, -2.89303, -3.6241, -2.5491, -3.66138, -1.72062, -3.10684, -3.15632, -3.08375, -4.08962, -3.86286, -2.29011, -3.31799, -4.28552, -2.6788, -4.17457, -2.78242, -3.0977, -2.60766, -3.71844, -3.5688, -3.85445, -2.50206, -2.9774, -3.56589, -3.9192, -3.96145, -2.94577, -4.21942, -3.79121, -2.75832, -3.87628, -4.44885, -3.28089, -2.46996, -3.88965, -3.89647, -3.85905, -6.74841, -2.13476, 
2003_7: -3.34221, -3.8795, -2.9719, -2.74039, -3.68302, -1.90584, -3.53847, -3.55739, -3.51688, -3.49166, -3.93182, -3.6889, -4.7331, -4.26214, -2.33615, -4.11766, -4.38602, -4.05471, -2.74594, -3.23152, -3.48759, -4.35387, -3.63892, -3.58729, -3.8053, -5.65152, -2.31568, -3.32947, -3.43203, -3.57741, -3.26112, -3.05429, -5.02651, -3.82954, -4.17358, -3.41508, -3.15194, -3.54071, -3.44221, -3.04403, 
1998_0: -3.61959, -3.05632, -3.7617, -2.74205, -3.48002, -1.70945, -3.8658, -2.66688, -2.30018, -3.12045, -3.30751, -1.22145, -3.66823, -3.65163, -3.12632, -3.29792, -3.36789, -3.12366, -2.04647, -2.25652, -3.18683, -3.21464, -2.23565, -2.99641, -3.7241, -3.60171, -2.38682, -2.24644, -3.43735, -2.94198, -2.38795, -5.45586, -3.86914, -3.46052, -4.39638, -3.22332, -3.18639, -4.79312, -3.28726, -1.49602, 
2008_6: -4.07303, -3.86132, -3.27173, -2.53264, -3.78787, -2.26716, -3.15899, -2.9576, -3.88087, -3.84002, -4.19545, -3.70307, -4.19413, -5.52044, -2.44561, -4.5139, -4.11004, -3.09859, -2.63863, -3.84682, -4.98144, -3.87755, -4.10568, -3.12504, -4.22703, -4.79666, -2.22755, -3.20029, -3.54915, -4.02706, -3.47966, -3.86715, -5.3834, -3.50288, -2.79333, -3.25138, -3.65968, -3.47728, -3.83805, -2.95807, 
1998_7: -2.81328, -3.17612, -3.08334, -2.15066, -5.74223, -1.62342, -2.65944, -5.14631, -4.20217, -3.68392, -3.20229, -3.16651, -3.6154, -4.92775, -2.25598, -4.29593, -3.78136, -3.21493, -2.84155, -3.65784, -3.48812, -3.8467, -3.48767, -8.58165, -3.56469, -3.92464, -2.53347, -3.11049, -2.8299, -3.31102, -3.597, -3.18303, -3.78782, -3.0633, -3.85756, -3.76901, -2.92041, -3.37043, -3.3121, -2.96802, 
2004_0: -3.64657, -3.06775, -3.95355, -2.50941, -3.05019, -1.8609, -4.46541, -2.30871, -2.54171, -3.14986, -3.7597, -1.71635, -2.86465, -4.05915, -3.12932, -4.79688, -3.61441, -3.43716, -2.22132, -3.08113, -2.83548, -2.8173, -1.93545, -2.87323, -3.26961, -3.7017, -2.79201, -3.40064, -3.95289, -4.44762, -2.91097, -4.22729, -4.2215, -3.87379, -2.39986, -3.58394, -3.37882, -3.47184, -3.74888, -1.53391, 
2015_6: -4.21013, -3.12479, -4.43003, -2.39058, -2.68238, -2.00486, -3.50872, -2.70945, -3.46128, -3.0619, -2.90617, -3.73953, -3.33288, -2.56036, -2.10653, -4.65429, -5.28519, -3.80629, -2.66241, -3.55656, -3.332, -13.1302, -3.68764, -3.51624, -3.77419, -3.68059, -2.42419, -6.65334, -2.43535, -3.79676, -3.63843, -4.28988, -3.25056, -3.18765, -3.09518, -3.86554, -3.69217, -4.26238, -3.38599, -2.40267, 
2004_8: -4.43025, -3.7257, -3.95235, -2.16031, -2.69291, -1.47177, -3.05367, -3.84604, -2.66749, -3.63106, -3.89989, -3.58834, -4.31528, -5.60639, -1.69208, -3.92542, -4.89783, -3.44513, -2.98174, -3.95209, -3.43393, -3.70972, -2.94725, -2.21473, -4.19625, -4.07835, -2.21283, -5.52331, -1.99913, -4.13009, -2.88544, -4.09746, -4.04316, -3.48578, -3.39906, -2.92752, -2.38544, -3.45118, -3.38445, -2.24684, 
2007_3: -3.67341, -3.00339, -3.38643, -2.63818, -3.89531, -2.08306, -3.07342, -2.79877, -2.97789, -3.18516, -3.67893, -2.40282, -3.22848, -4.61047, -2.25023, -4.28166, -3.29686, -3.47793, -2.63467, -3.2978, -3.46425, -3.91125, -2.50111, -3.25624, -3.60316, -3.91635, -2.74801, -2.9244, -3.89687, -5.18909, -3.30195, -4.02312, -4.35755, -3.74212, -2.6328, -4.71557, -3.19634, -3.76203, -3.30167, -2.40657, 
2004_1: -3.71903, -2.10925, -3.3235, -2.90811, -3.38531, -1.80069, -3.5936, -2.53224, -3.16737, -3.31796, -3.5041, -1.187, -5.24107, -4.60197, -2.52482, -3.66609, -3.38569, -2.89562, -1.71412, -3.49767, -2.87142, -3.40182, -2.25939, -2.70031, -2.9113, -3.5167, -2.68369, -2.95221, -4.27199, -3.2583, -2.4434, -3.69397, -3.55074, -3.41868, -2.6681, -3.2452, -2.72246, -3.73431, -3.06342, -1.49803, 
2015_7: -4.52228, -4.03382, -5.39814, -2.8791, -3.00529, -1.75439, -3.66258, -2.997, -3.72571, -3.76625, -2.61258, -4.00419, -6.50755, -2.25387, -1.99546, -4.28091, -4.22555, -3.63335, -3.41321, -3.87447, -3.9699, -3.95885, -4.10861, -3.7102, -3.94126, -3.14192, -2.26311, -3.50312, -2.44216, -4.11142, -3.73977, -4.57045, -3.07617, -2.90075, -3.04905, -3.39022, -3.55323, -4.03632, -3.26511, -2.4679, 
2005_2: -2.96295, -2.98268, -5.98351, -2.98814, -3.07306, -1.6601, -2.54586, -2.83902, -3.14718, -4.15516, -3.43593, -2.35676, -2.51557, -3.40089, -2.45626, -3.56043, -3.12819, -2.8789, -2.51551, -2.58918, -3.04282, -3.35103, -5.54228, -2.76486, -4.1535, -3.9783, -2.71259, -2.56633, -3.17418, -3.48804, -2.64907, -3.39514, -3.75224, -3.33639, -2.35446, -3.36689, -3.22353, -3.0621, -2.79462, -2.04854, 
2000_2: -3.12611, -3.0231, -3.37558, -3.62861, -3.62027, -2.82211, -3.39269, -2.5852, -2.95296, -3.38528, -3.52127, -1.71285, -2.44039, -3.99195, -2.38779, -3.82587, -3.82377, -3.47197, -2.29147, -3.13817, -3.32886, -3.93937, -2.1669, -5.59356, -3.76358, -4.67203, -3.68494, -3.14651, -4.07402, -3.52607, -2.85555, -3.94918, -4.1854, -3.80976, -3.54077, -3.69482, -3.24026, -3.4005, -3.33997, -2.04466, 
2002_4: -3.11943, -3.40838, -3.24407, -2.22669, -3.15747, -1.68432, -3.25988, -2.72981, -3.04111, -3.5882, -3.6225, -2.29166, -3.12635, -5.74141, -2.46724, -5.17314, -3.72639, -3.3963, -2.2499, -2.5747, -3.27301, -3.62153, -2.56321, -3.16725, -3.78221, -3.90533, -2.9846, -2.91962, -3.5024, -3.74813, -2.89052, -3.98172, -4.2525, -3.62118, -3.67041, -3.46119, -3.01408, -3.18513, -3.32483, -2.02476, 
2017_7: -3.51608, -2.96916, -3.37461, -2.3896, -3.39994, -1.64364, -3.36149, -3.06569, -2.77985, -6.78906, -2.3046, -3.46204, -2.88595, -1.9662, -1.9063, -3.11416, -3.44265, -4.05154, -3.44122, -3.30911, -2.87218, -3.27767, -3.38048, -2.99629, -3.23168, -3.08678, -2.51733, -2.87544, -2.42931, -3.62113, -3.10943, -3.51766, -3.20979, -5.14801, -3.24358, -6.37883, -2.7414, -3.35881, -3.32555, -2.77875, 
2002_1: -2.97688, -2.56205, -3.20558, -2.67814, -2.78392, -1.52197, -2.9291, -2.37814, -2.38872, -2.99393, -3.66175, -1.64766, -2.60085, -3.24626, -3.5851, -4.71626, -3.12697, -2.83456, -2.31631, -3.46322, -2.75177, -3.34338, -2.25215, -2.94469, -3.44128, -3.24639, -2.4009, -2.84204, -2.92061, -3.76042, -2.62363, -3.43943, -5.09543, -2.94022, -3.20194, -3.39883, -3.25287, -3.07187, -3.19156, -1.22389, 
2003_2: -3.15146, -2.00378, -2.7982, -4.17711, -4.16388, -1.5932, -2.64856, -2.64175, -2.26921, -3.84092, -2.95335, -1.46743, -2.10948, -3.34304, -2.13642, -5.15752, -3.7074, -2.62383, -2.35095, -2.47771, -2.71218, -2.69972, -1.71302, -2.2674, -3.17213, -3.23928, -2.88035, -4.06887, -3.42452, -3.1234, -2.46134, -3.11603, -3.3347, -2.77287, -2.86324, -3.41811, -3.9295, -2.9828, -3.29563, -1.35187, 
1998_5: -3.02073, -3.53933, -2.85309, -5.54257, -3.25516, -1.56647, -2.94056, -2.86333, -3.34135, -3.60406, -3.52257, -2.66685, -4.25857, -3.90351, -2.2294, -3.32935, -3.98778, -3.18492, -2.30961, -3.69978, -2.68484, -3.76818, -2.70948, -3.02746, -3.70886, -4.26942, -2.73967, -3.00732, -3.20034, -3.5212, -3.16268, -3.10192, -5.95764, -3.00895, -3.57035, -2.98534, -3.70097, -3.04192, -2.99126, -2.46303, 
1999_2: -2.61043, -2.91612, -3.10392, -2.40564, -2.96594, -0.909726, -3.31075, -2.23393, -1.81734, -2.95739, -5.8132, -2.97094, -3.07786, -3.59418, -2.95285, -3.19023, -3.18342, -2.6193, -2.26539, -2.92702, -4.64957, -3.31006, -1.79552, -2.43564, -2.99269, -3.3905, -2.9864, -3.9017, -3.03847, -2.81146, -2.99943, -3.52254, -3.93451, -3.21705, -4.01889, -2.77742, -3.36811, -2.64247, -3.48709, -1.38562, 
2011_3: -3.7444, -2.81314, -5.10602, -2.85748, -3.44625, -1.69993, -2.86058, -2.66357, -3.14707, -3.52189, -6.02926, -2.53998, -2.84123, -3.46504, -2.10335, -3.70674, -3.45129, -2.52216, -2.13233, -3.08793, -3.02299, -3.9273, -3.17446, -2.87496, -4.40216, -3.49113, -2.59755, -9.98644, -3.28497, -3.45033, -3.03532, -3.83038, -5.14195, -3.17347, -2.86588, -3.28684, -3.69603, -3.2535, -3.47009, -1.92428, 
1997_3: -3.07709, -2.13171, -2.41484, -2.73985, -2.76079, -2.13578, -2.24745, -2.38442, -2.06457, -2.35225, -2.94962, -1.33145, -2.74353, -2.86907, -5.94407, -2.92465, -2.41186, -2.27534, -2.12923, -2.64541, -2.49436, -2.64551, -1.95802, -2.02906, -2.86066, -2.86748, -1.99348, -6.77154, -2.58694, -2.39825, -2.34496, -10.0039, -4.67889, -2.07247, -3.39111, -3.92457, -2.06463, -2.48469, -2.21863, -1.53356, 
2017_6: -3.27214, -2.70736, -2.99208, -1.97715, -3.65245, -1.91521, -3.22488, -2.90958, -2.63215, -2.78261, -2.4472, -3.11442, -2.62776, -1.84851, -2.10972, -4.3891, -3.47387, -2.97801, -3.25877, -3.28063, -3.74359, -2.80684, -2.99984, -3.03613, -3.35351, -2.11416, -2.01212, -2.98243, -2.30595, -2.67942, -3.02577, -3.24434, -2.59461, -2.86001, -2.56778, -2.84908, -2.74046, -3.12683, -3.41624, -2.20775, 
2000_5: -2.72697, -3.24057, -2.88697, -2.25628, -3.4141, -2.52184, -2.98662, -2.95164, -2.91983, -4.31368, -3.2729, -2.36361, -2.94816, -5.25594, -2.47381, -3.58597, -3.27869, -3.07703, -3.07532, -3.0177, -3.21197, -4.22064, -3.15764, -2.60308, -3.3687, -3.83212, -3.04859, -2.95218, -5.59908, -3.82664, -3.14276, -3.41318, -3.77517, -2.90134, -3.2107, -3.50261, -3.18212, -3.14445, -3.53989, -2.6287, 
2001_7: -3.80288, -2.92001, -3.81466, -1.63244, -3.20595, -1.4257, -2.93563, -2.88802, -4.43079, -4.10826, -3.25468, -2.52534, -2.95364, -3.64069, -1.76739, -3.73297, -3.62045, -2.86089, -2.2898, -4.60241, -3.00779, -3.45883, -2.69626, -2.95256, -3.90335, -3.78952, -2.76342, -3.56209, -2.56286, -3.8854, -2.43232, -3.94606, -4.3321, -3.90696, -3.36501, -3.73077, -3.08096, -2.89271, -3.53888, -2.08955, 
1998_4: -2.99877, -4.23886, -7.63657, -2.04894, -3.38877, -1.38144, -3.22079, -4.08744, -2.87856, -3.57499, -3.50362, -2.36039, -3.26808, -3.68347, -2.38963, -3.48745, -3.33406, -2.80685, -2.13675, -4.02581, -3.55295, -3.18954, -2.67887, -2.24656, -4.97143, -3.53858, -2.50677, -2.45526, -3.44306, -5.37211, -3.52364, -3.63964, -5.15377, -2.88135, -6.07943, -4.07205, -2.72986, -6.29661, -3.01338, -2.1229, 

== Topic 0 == (109481) 
	code	0.0969	10610
	decod	0.02	2185
	construct	0.0168	1842
	bound	0.0156	1709
	ieee	0.0128	1399
== Topic 1 == (90076) 
	digit	0.0855	7706
	archiv	0.0419	3771
	access	0.0332	2995
	open	0.0271	2444
	repositori	0.0257	2312
== Topic 2 == (143163) 
	function	0.0167	2388
	estim	0.0142	2040
	sequenc	0.0138	1979
	distribut	0.013	1855
	gener	0.0109	1561
== Topic 3 == (201202) 
	theori	0.0161	3238
	social	0.0128	2580
	practic	0.0112	2251
	scienc	0.0106	2124
	concept	0.00954	1920
== Topic 4 == (111176) 
	health	0.0755	8391
	patient	0.016	1776
	medic	0.0145	1611
	group	0.0137	1524
	commun	0.0137	1521
== Topic 5 == (252129) 
	one	0.0111	2788
	problem	0.0103	2585
	may	0.00985	2484
	time	0.00917	2312
	mani	0.00903	2276
== Topic 6 == (93846) 
	search	0.0971	9115
	user	0.0619	5810
	engin	0.0234	2194
	queri	0.0214	2007
	result	0.0192	1799
== Topic 7 == (170882) 
	student	0.0678	11591
	learn	0.0408	6978
	literaci	0.0295	5042
	educ	0.028	4777
	instruct	0.0222	3785
== Topic 8 == (106737) 
	public	0.0463	4944
	govern	0.0351	3750
	polici	0.0229	2443
	ict	0.019	2029
	commun	0.0169	1806
== Topic 9 == (71855) 
	internet	0.0344	2471
	read	0.0241	1734
	peopl	0.0147	1060
	children	0.0143	1029
	women	0.0134	961
== Topic 10 == (90961) 
	social	0.0759	6901
	media	0.0393	3575
	commun	0.0323	2939
	onlin	0.0232	2110
	network	0.0214	1947
== Topic 11 == (141763) 
	electron	0.0331	4690
	collect	0.0312	4418
	univers	0.0205	2910
	resourc	0.0196	2775
	catalog	0.0168	2386
== Topic 12 == (93872) 
	data	0.0482	4520
	record	0.0271	2544
	metadata	0.0255	2391
	standard	0.0178	1668
	system	0.0172	1617
== Topic 13 == (178477) 
	chemic	0.0238	4241
	compound	0.0195	3485
	structur	0.0166	2961
	predict	0.0163	2911
	model	0.0163	2904
== Topic 14 == (191980) 
	analysi	0.0228	4380
	data	0.0225	4325
	evalu	0.0181	3482
	method	0.0161	3083
	approach	0.0141	2700
== Topic 15 == (39208) 
	secur	0.049	1923
	privaci	0.0296	1159
	scheme	0.0255	999
	comput	0.0175	687
	attack	0.017	666
== Topic 16 == (72088) 
	control	0.0471	3396
	system	0.0335	2411
	model	0.0247	1778
	dynam	0.0125	901
	problem	0.0114	824
== Topic 17 == (92658) 
	model	0.0281	2605
	classif	0.0208	1923
	structur	0.0205	1897
	semant	0.0192	1782
	ontolog	0.0171	1586
== Topic 18 == (167778) 
	survey	0.027	4535
	librarian	0.0265	4450
	univers	0.0261	4382
	academ	0.026	4355
	profession	0.0163	2730
== Topic 19 == (102009) 
	countri	0.0297	3034
	collabor	0.026	2653
	univers	0.0234	2390
	intern	0.0209	2137
	institut	0.0174	1777
== Topic 20 == (65642) 
	review	0.0408	2679
	databas	0.0323	2117
	literatur	0.0275	1805
	journal	0.0253	1664
	articl	0.0208	1365
== Topic 21 == (73952) 
	network	0.105	7730
	node	0.0238	1759
	algorithm	0.0134	994
	wireless	0.0132	976
	sensor	0.01	741
== Topic 22 == (80294) 
	law	0.0187	1503
	right	0.0163	1310
	articl	0.014	1121
	legal	0.0128	1025
	copyright	0.0116	934
== Topic 23 == (138874) 
	manag	0.0478	6632
	system	0.0284	3943
	implement	0.0207	2870
	process	0.0201	2793
	organ	0.0197	2733
== Topic 24 == (57474) 
	imag	0.0624	3586
	method	0.0228	1312
	visual	0.0193	1107
	video	0.016	922
	base	0.0125	716
== Topic 25 == (39540) 
	data	0.0191	757
	gene	0.0182	718
	cell	0.014	552
	biolog	0.0131	517
	environment	0.0119	470
== Topic 26 == (169268) 
	measur	0.0335	5664
	evalu	0.0264	4461
	perform	0.0222	3755
	qualiti	0.0201	3400
	assess	0.0198	3353
== Topic 27 == (87929) 
	system	0.0737	6477
	comput	0.032	2814
	design	0.031	2725
	softwar	0.022	1937
	applic	0.0176	1546
== Topic 28 == (124306) 
	model	0.0249	3092
	factor	0.0244	3033
	influenc	0.0187	2323
	effect	0.0162	2019
	perceiv	0.0149	1848
== Topic 29 == (68443) 
	data	0.0341	2333
	spatial	0.0313	2145
	model	0.0283	1938
	map	0.0266	1823
	geograph	0.0189	1291
== Topic 30 == (75923) 
	web	0.116	8801
	site	0.0466	3537
	refer	0.0408	3096
	servic	0.0268	2034
	websit	0.0237	1797
== Topic 31 == (151047) 
	channel	0.05	7548
	capac	0.0202	3051
	rate	0.0157	2365
	code	0.0138	2084
	achiev	0.0132	2000
== Topic 32 == (82001) 
	bind	0.0201	1650
	protein	0.0144	1181
	molecular	0.0139	1140
	energi	0.0133	1092
	interact	0.0128	1049
== Topic 33 == (138045) 
	algorithm	0.0298	4115
	method	0.0261	3608
	model	0.024	3317
	data	0.0235	3244
	cluster	0.0201	2770
== Topic 34 == (131944) 
	purpos	0.0534	7040
	limit	0.0487	6421
	valu	0.0449	5929
	approach	0.043	5670
	design	0.0406	5353
== Topic 35 == (74729) 
	knowledg	0.128	9595
	manag	0.0402	3003
	share	0.0321	2400
	km	0.0173	1289
	organ	0.0147	1096
== Topic 36 == (84435) 
	patent	0.0388	3272
	market	0.0288	2430
	technolog	0.0236	1995
	firm	0.0213	1797
	product	0.0181	1529
== Topic 37 == (156514) 
	journal	0.046	7202
	citat	0.0448	7014
	scienc	0.028	4381
	articl	0.0211	3301
	public	0.0192	3011
== Topic 38 == (95030) 
	document	0.0331	3149
	text	0.024	2283
	retriev	0.0237	2251
	languag	0.0212	2013
	term	0.0156	1483
== Topic 39 == (193959) 
	servic	0.0478	9280
	technolog	0.0249	4836
	new	0.0244	4723
	chang	0.0159	3092
	librarian	0.0131	2534
