== Parameters ==
2009_2: -2.98404, -1.35589, -3.15303, -1.97852, -2.62708, -3.53816, -2.83621, -3.33836, -3.7415, -2.38417, -3.36599, -3.28431, -3.78392, -0.880343, -3.21416, -3.12966, -1.90585, -3.31935, -3.27876, -2.44609, -3.73418, -2.37158, -3.32748, -2.61545, -3.10476, -3.58853, -2.46171, -5.23907, -2.985, -3.1996, 
2007_0: -4.19749, -1.56804, -8.35277, -2.65565, -1.99666, -3.13327, -3.15544, -2.93985, -2.62855, -3.37165, -2.73032, -3.27593, -3.17248, -0.635044, -2.62094, -3.74109, -1.74504, -2.97956, -5.54781, -2.25167, -3.65321, -3.01536, -5.44418, -2.53303, -2.96202, -3.77759, -3.20018, -2.20165, -2.52325, -3.10679, 
2017_0: -2.7409, -2.87956, -2.93879, -1.88756, -2.71791, -3.10182, -3.72262, -2.98847, -3.11859, -4.55584, -3.1877, -3.27191, -3.6913, -0.409721, -3.73667, -2.11786, -1.70395, -2.71622, -3.14184, -3.11126, -5.14653, -2.914, -1.64026, -3.49349, -3.16127, -3.59096, -3.38402, -2.84152, -3.41934, -3.45317, 
2005_1: -3.1684, -1.66396, -2.94467, -2.22403, -1.75724, -3.04025, -2.57795, -2.8197, -2.31798, -2.31785, -2.4769, -2.61671, -2.49262, -0.823997, -3.07178, -3.0108, -2.48295, -2.72354, -5.17201, -1.80553, -2.55602, -4.54384, -2.85937, -2.19416, -2.60295, -2.91979, -2.24573, -2.03375, -2.62216, -3.08961, 
2017_1: -2.25902, -3.02523, -2.52262, -2.26908, -2.73373, -2.47521, -1.84311, -2.8742, -2.70381, -1.93687, -2.65469, -2.85615, -3.04185, -0.871433, -2.93647, -2.6395, -1.82546, -4.07333, -2.92665, -1.81421, -2.52523, -2.26661, -2.19596, -3.31158, -2.51076, -3.37837, -2.91098, -2.55409, -2.39545, -2.8722, 
2010_0: -3.09701, -1.31933, -3.6291, -3.78434, -1.99639, -3.80084, -3.32411, -3.38328, -3.24123, -2.19855, -3.5878, -2.69447, -3.80638, -0.994672, -2.83817, -3.08968, -1.82305, -2.94995, -3.31079, -1.99617, -3.40611, -2.46314, -3.05094, -2.13263, -2.97652, -5.00866, -3.2263, -2.57797, -3.24495, -3.89092, 
2011_1: -3.71556, -1.65997, -3.04146, -2.05325, -2.0681, -3.26512, -2.79601, -3.41549, -3.19517, -2.79475, -3.59084, -3.49607, -5.27564, -0.785111, -2.59257, -3.01458, -2.25038, -3.28888, -2.79015, -2.27291, -3.20584, -2.22025, -3.14822, -2.89129, -3.41813, -3.85879, -2.78664, -2.59748, -2.54384, -3.11168, 
2016_1: -2.94655, -1.76481, -2.6002, -2.03812, -3.62122, -3.55112, -2.52944, -2.8803, -3.1623, -1.78, -3.53311, -3.30318, -3.58156, -4.91155, -3.20653, -2.43889, -1.16199, -2.67616, -3.66419, -2.36233, -2.86153, -2.05594, -2.17568, -3.93082, -2.91094, -6.21089, -3.50033, -2.56643, -2.48527, -2.87458, 
2011_0: -3.77068, -1.32736, -3.30448, -3.48933, -1.74352, -3.728, -3.31717, -3.61503, -2.62608, -1.65971, -3.00898, -2.60665, -3.64858, -0.721451, -2.25304, -3.73134, -2.02592, -3.6694, -3.17089, -1.85125, -2.74123, -2.22476, -6.15748, -2.046, -3.10195, -3.91675, -3.14061, -2.40437, -3.16838, -3.33024, 
2014_0: -3.14633, -1.3576, -3.68441, -2.46903, -2.93702, -3.99074, -2.55944, -3.10004, -4.32303, -2.06692, -3.01652, -3.98021, -4.12199, -0.952615, -4.9579, -2.87154, -2.06549, -2.50534, -7.30578, -1.98948, -3.68253, -2.12734, -2.23726, -3.28542, -3.87594, -3.75377, -4.3404, -2.69428, -2.65702, -4.30125, 
2013_1: -7.40524, -1.62745, -2.66763, -2.06326, -2.47703, -4.28747, -3.06357, -2.77925, -3.26325, -2.07922, -3.13976, -3.39641, -3.62685, -0.0017451, -2.9169, -2.50991, -1.48744, -3.17482, -3.3543, -2.1517, -3.38491, -2.28566, -2.01942, -2.24818, -2.81729, -3.54847, -2.90949, -2.26346, -2.83421, -3.16603, 
2015_2: -3.06908, -1.9821, -2.66323, -1.76677, -2.85476, -3.68162, -2.43169, -2.66389, -3.81761, -1.94347, -3.54926, -3.59248, -3.40336, -0.177973, -4.14354, -2.31339, -1.99833, -2.83875, -3.66667, -2.2492, -3.5871, -2.17598, -1.99483, -3.32525, -2.98922, -3.9922, -3.28637, -2.77371, -3.14135, -3.83638, 
2004_1: -2.72875, -0.946561, -2.8386, -5.48944, -1.85838, -3.04419, -2.73689, -2.66491, -2.59223, -2.19263, -2.44323, -2.34895, -2.43805, -0.85194, -2.62764, -6.99626, -2.09196, -3.34165, -5.71176, -2.24605, -2.22139, -2.46774, -2.89143, -2.58456, -1.8032, -2.50263, -2.33132, -1.71001, -2.49313, -2.98948, 
2008_0: -3.3542, -1.2467, -2.67348, -2.98299, -1.84677, -3.29718, -3.2121, -3.99189, -5.53224, -2.17929, -2.83895, -2.95643, -6.52385, -0.911454, -2.69281, -3.75395, -1.89099, -3.29957, -3.32609, -2.11358, -3.24537, -2.17854, -4.12675, -4.20066, -2.54784, -3.48522, -3.16772, -2.10686, -2.85321, -3.51993, 
2008_2: -5.40059, -1.75414, -3.58313, -1.88259, -2.13238, -3.51184, -4.02479, -3.72498, -3.04578, -2.21024, -3.31911, -3.08345, -3.5395, -0.446954, -2.97031, -3.79153, -1.88882, -3.71738, -3.0026, -2.51659, -3.24408, -2.01553, -3.37224, -3.23146, -2.76725, -3.48473, -2.02502, -4.23615, -3.685, -3.50373, 
2014_1: -3.31479, -0.855613, -2.76289, -2.74178, -2.21491, -3.72811, -3.01262, -3.19824, -4.00719, -2.02782, -3.5281, -3.45913, -5.35907, -0.138963, -3.22372, -2.33968, -1.76613, -2.71639, -2.96797, -2.23851, -3.37664, -2.15183, -2.21857, -2.79199, -3.56581, -3.50071, -3.0108, -2.74035, -2.83372, -4.75966, 
2012_2: -3.9389, -1.66043, -2.89143, -2.23071, -2.60224, -3.82255, -2.88359, -3.20504, -3.62578, -2.28733, -3.04796, -3.68064, -4.07549, 0.265644, -6.44435, -2.82466, -1.80621, -3.27958, -3.48622, -3.05819, -3.62468, -2.223, -2.34139, -3.11842, -2.59944, -3.56312, -2.66124, -2.5262, -3.90877, -3.78751, 
2011_2: -3.56464, -1.84309, -2.73294, -2.05861, -2.36785, -3.90511, -4.49036, -3.19322, -3.62188, -1.97194, -3.09702, -2.92333, -3.66464, -0.913352, -2.92339, -3.27483, -2.24225, -3.06759, -4.08067, -5.34693, -4.48122, -2.07758, -2.50585, -2.39285, -2.84972, -3.51141, -2.5864, -2.84638, -3.20593, -3.49877, 
2007_2: -3.59224, -1.68725, -3.34539, -2.14347, -2.22631, -3.04663, -3.15696, -3.46182, -4.86386, -2.76148, -2.5827, -3.03111, -2.8796, -0.483397, -2.43536, -3.24673, -1.6338, -3.4088, -2.89085, -2.18006, -5.04375, -2.71916, -3.21695, -2.4117, -3.51527, -3.92066, -2.6649, -2.75334, -3.27245, -2.79665, 
2012_1: -3.25236, -1.60412, -3.3319, -2.23752, -2.38763, -3.29318, -3.09724, -4.38764, -3.26993, -2.22352, -3.72749, -3.32781, -3.75552, -0.608624, -2.52642, -2.95972, -1.91565, -3.18513, -4.05319, -2.50558, -3.25945, -2.29013, -2.94572, -2.6847, -2.6199, -3.49877, -2.61997, -2.81274, -2.674, -3.87002, 
2003_2: -6.05326, -1.39268, -2.002, -2.44764, -2.21896, -2.34603, -3.55453, -5.75684, -1.6983, -1.48204, -2.08612, -1.63063, -2.23298, -0.439877, -1.49274, -2.45784, -2.05339, -3.77609, -2.20771, -1.4793, -2.4768, -2.25716, -4.25193, -2.2281, -3.23724, -5.21353, -2.42544, -2.10395, -2.49193, -5.51389, 
2010_2: -4.38596, -2.1246, -2.85968, -1.98685, -2.46225, -3.97918, -3.1037, -3.64695, -3.20248, -2.15287, -2.77158, -3.12751, -4.47977, -0.915593, -4.33766, -3.27112, -1.6603, -3.60537, -3.19473, -3.43952, -3.79553, -2.44375, -3.56181, -3.24431, -3.06249, -3.23087, -2.30918, -1.98655, -3.43038, -3.23685, 
2013_2: -3.56251, -1.74036, -3.0578, -1.81241, -2.45665, -3.52226, -2.60002, -2.50068, -9.20757, -3.81613, -4.62168, -4.26006, -3.27842, -0.585522, -3.6478, -2.21531, -1.69893, -2.85025, -3.28578, -2.71743, -3.91104, -2.49789, -1.97523, -3.12476, -2.73646, -3.33402, -2.66561, -2.54146, -3.75309, -3.37267, 
2004_0: -2.96894, -0.548612, -2.24868, -2.13287, -1.24427, -2.5558, -2.83904, -2.13681, -1.62622, -2.64273, -2.53366, -1.14251, -2.66628, -0.350232, -1.63006, -2.672, -4.62545, -2.45282, -1.94514, -1.35158, -2.28425, -2.38042, -2.08089, -1.60937, -3.66936, -2.37362, -2.41133, -2.03876, -1.44229, -2.32823, 
2009_1: -3.01901, -1.84158, -4.37387, -2.65547, -1.77057, -3.36808, -2.94522, -3.75263, -2.85603, -1.98984, -3.39608, -2.57831, -3.61621, -0.524273, -3.31863, -4.05869, -1.83031, -3.18869, -3.21111, -2.51338, -3.25758, -2.52335, -4.73745, -2.68629, -3.49044, -7.76974, -3.51965, -2.38512, -3.17934, -3.25589, 
2015_0: -3.01574, -1.30157, -2.61749, -2.40333, -2.50369, -3.81719, -2.73006, -3.25143, -3.27289, -2.25024, -3.11788, -4.19241, -3.98784, 0.860752, -2.73723, -2.6319, -1.43506, -2.89901, -3.12558, -2.01988, -3.30219, -2.49619, -2.28394, -2.755, -2.90151, -5.48445, -3.18077, -3.74965, -2.4685, -3.56045, 
2015_1: -2.85747, -1.77581, -2.71242, -2.33259, -2.70641, -4.47717, -2.50795, -2.91153, -3.49557, -2.00999, -3.47264, -3.04188, -4.7905, -1.14209, -7.29184, -2.36755, -1.85552, -3.15674, -3.10889, -2.23891, -3.35951, -2.01835, -2.30807, -3.12642, -2.65389, -3.7667, -2.89421, -2.44469, -2.57901, -3.20523, 
2014_2: -3.17834, -1.63317, -2.67653, -1.98529, -2.71302, -3.85781, -2.49823, -2.77002, -3.38737, -2.33496, -3.32176, -3.39855, -3.96516, 0.148172, -2.92436, -2.38422, -1.37057, -2.71897, -4.0196, -2.40677, -3.54605, -2.21399, -2.02993, -2.83962, -3.26234, -4.24913, -2.89898, -2.51168, -2.68617, -2.95701, 
2016_2: -2.84045, -1.91556, -2.56388, -1.83872, -3.13491, -3.80805, -2.36818, -3.02512, -4.62512, -1.98488, -3.97451, -3.21782, -4.03755, 0.161069, -3.33972, -2.1788, -1.52889, -2.65849, -3.74967, -2.50304, -2.93236, -2.28522, -2.09148, -3.60871, -2.73857, -3.16179, -2.84399, -4.10801, -3.06847, -3.50495, 
2005_0: -3.05419, -0.938134, -2.59183, -3.19477, -1.74467, -2.84891, -2.69873, -3.72993, -2.49786, -2.74484, -2.4902, -2.06768, -2.54166, -1.01302, -1.50924, -3.31975, -1.93678, -3.91444, -2.20899, -2.97922, -3.01847, -3.695, -2.37348, -2.40109, -2.14768, -2.96315, -3.3139, -1.64344, -1.87297, -2.29684, 
2004_2: -2.6402, -1.3912, -2.092, -1.79349, -2.45487, -2.24697, -4.55321, -2.46026, -2.23674, -1.90117, -2.33493, -1.89996, -5.38515, -0.403894, -1.9606, -2.52406, -2.1036, -2.94072, -2.68806, -2.52191, -2.39226, -2.03147, -2.73467, -1.83457, -4.88398, -2.92419, -1.7756, -2.44259, -2.55931, -2.30119, 
2007_1: -3.11556, -1.73113, -2.86858, -2.10071, -1.8681, -3.12155, -3.19141, -3.03683, -3.08037, -2.29236, -3.10083, -2.42286, -2.97652, -0.756122, -2.15308, -5.99698, -2.34497, -3.08477, -2.7423, -2.0533, -2.7753, -2.5292, -3.29896, -2.26339, -2.97922, -3.38277, -2.52888, -2.12032, -2.19343, -2.76381, 
2006_2: -3.03699, -1.53063, -2.6546, -1.63132, -2.85282, -3.4344, -3.29997, -3.20014, -2.38815, -2.31205, -3.25046, -2.62446, -3.45849, -0.648481, -2.13124, -3.00119, -1.70537, -4.60656, -3.16297, -2.41062, -2.886, -2.08267, -4.25351, -2.68037, -2.79812, -2.83629, -2.10609, -2.75313, -3.58131, -3.10027, 
2012_0: -2.92568, -1.46882, -3.46813, -1.794, -1.95735, -4.22605, -3.58595, -3.09896, -2.72727, -1.91809, -2.75618, -2.62406, -4.24972, -2.35958, -2.37028, -3.21244, -1.62747, -2.98744, -3.11151, -2.15822, -3.19726, -2.46838, -2.35245, -2.47877, -2.36169, -4.32166, -3.4155, -2.41616, -2.84964, -3.22211, 
2008_1: -3.38183, -1.36931, -3.33933, -2.28661, -1.99456, -3.36857, -3.63423, -3.46756, -2.56994, -1.96488, -3.08338, -2.76494, -3.23439, -0.979455, -2.61987, -4.24312, -1.9493, -3.22287, -3.32851, -2.43251, -3.65599, -2.43396, -3.39721, -3.29379, -3.33381, -3.76816, -2.70565, -2.85622, -2.77416, -2.99386, 
2009_0: -3.39621, -1.01954, -2.99519, -2.30978, -1.90238, -3.21359, -4.32388, -3.71124, -2.62546, -2.10483, -2.62971, -2.5492, -3.38074, -0.812698, -2.06526, -3.34482, -1.92237, -3.40333, -2.59639, -1.90885, -3.02159, -2.36538, -3.3267, -2.12537, -2.74999, -3.43181, -3.26411, -1.88368, -2.345, -5.7234, 
2010_1: -3.61912, -1.33027, -3.14426, -2.27305, -2.38606, -5.28844, -3.53383, -3.34097, -3.42267, -2.04853, -3.94945, -3.24862, -4.00334, -0.893501, -2.22543, -3.11963, -1.97521, -3.69772, -3.06327, -2.21162, -3.35449, -2.19387, -3.14554, -3.08933, -2.6357, -3.75039, -2.93975, -2.14568, -3.1537, -3.72926, 
2017_2: -2.59839, -2.19709, -3.14515, -1.60517, -2.74612, -2.69666, -2.33863, -6.21759, -3.44841, -2.15178, -3.44635, -3.49913, -4.24506, -1.20049, -3.92127, -2.36634, -1.23408, -1.93105, -3.00426, -6.30121, -2.74274, -3.7986, -2.05845, -7.75027, -3.43784, -3.03244, -3.19207, -2.92213, -2.82968, -2.83716, 
2002_2: -2.0459, -1.86803, -1.40782, -1.78832, -2.34965, -2.98423, -4.34697, -1.75664, -0.939728, -2.7208, -1.70993, -1.7172, -1.47068, -0.111956, -3.05615, -1.53683, -1.0285, -1.23034, -1.5285, -1.4987, -2.93749, -1.66909, -5.27028, -2.02204, -1.27117, -2.0279, -1.7489, -1.29275, -1.90524, -5.73618, 
2005_2: -2.83396, -2.08932, -2.62076, -1.93884, -2.69175, -3.17467, -2.29118, -3.15572, -1.9929, -1.91517, -2.55876, -2.9648, -2.60916, -0.744942, -2.21836, -3.48634, -1.58668, -3.04457, -4.50014, -2.21645, -2.99419, -1.80493, -3.1501, -2.52486, -2.01727, -2.70353, -1.74856, -2.31086, -2.95674, -2.77335, 
2003_0: -1.9505, -1.15693, -2.07099, -1.83615, -1.97143, -2.16906, -3.37899, -2.46006, -2.47352, -1.67613, -1.97625, -2.28969, -2.16553, -1.73251, -2.37883, -4.25832, -1.85362, -2.46102, -2.58212, -5.05112, -6.94517, -2.45607, -2.20354, -1.43654, -1.84145, -2.38602, -1.84174, -3.55047, -2.06055, -3.8116, 
2013_0: -3.20853, -1.07836, -4.0119, -2.08903, -2.05193, -3.8319, -3.0587, -3.37947, -2.95145, -2.21132, -2.79922, -3.09111, -3.84579, -0.818259, -2.70445, -2.81664, -1.76934, -3.27241, -2.48083, -1.93732, -3.32225, -2.53372, -2.30657, -2.24482, -2.60155, -4.16227, -4.06311, -2.37309, -2.61755, -3.60237, 
2002_0: -1.5498, -1.4503, -4.08587, -0.848222, -1.09169, -1.35459, -1.35068, -2.0019, -0.964733, -1.22488, -1.36181, -1.62896, -3.38476, -0.859635, -0.767714, -1.61102, -1.4178, -1.92628, -2.57019, -1.40949, -1.30823, -7.11304, -1.93816, -1.11565, -0.473456, -1.69908, -1.65934, -0.716256, -3.69268, -3.05448, 
2016_0: -2.99381, -1.60282, -3.22339, -2.07457, -2.50712, -3.58607, -4.88185, -2.66741, -3.42737, -1.48189, -3.27929, -3.61012, -3.66545, -1.04115, -5.32569, -2.38512, -1.55342, -3.16536, -3.34066, -1.71763, -3.86395, -2.65098, -1.98163, -2.90435, -2.72576, -3.76111, -3.55801, -2.49841, -2.34834, -3.69344, 
2000_2: -0.837674, -3.13041, -0.901753, 0.212783, -1.01321, -0.614154, -4.34096, -0.812294, -2.34919, -2.69041, -1.25629, -0.834327, -3.42239, 0.171734, -2.48292, -0.664834, 0.133224, -7.35418, -0.355883, -0.578118, -3.71243, -2.29212, -0.844168, -1.59449, -4.80522, -3.20688, -1.58124, -0.688148, -0.904125, -2.11208, 
2000_1: -1.13585, -4.36781, -2.0505, -4.27669, -0.597178, -1.20224, -5.44707, -2.52698, -5.18731, -4.7163, -5.06519, -8.08936, -0.70392, -1.1219, -2.49578, -4.37415, -0.828804, -1.19951, -1.15994, -1.12033, -1.17857, -2.67184, -1.01435, -3.15302, -2.12961, -6.4301, -1.05307, -1.99965, -0.310797, -0.889878, 
2003_1: -2.94631, -0.793912, -2.19928, -2.57391, -2.9005, -2.55218, -2.19302, -3.73796, -2.76708, -1.68866, -2.59297, -3.13198, -2.24524, -1.05991, -1.56489, -2.32473, -5.41873, -2.284, -2.53061, -4.74472, -2.65391, -2.91947, -2.71249, -1.73891, -1.58408, -3.4387, -6.78643, -1.90186, -1.91712, -2.46118, 
2006_0: -2.90271, -1.76015, -3.16094, -2.76148, -1.72025, -4.25114, -2.90719, -2.74751, -2.2248, -1.96412, -2.70818, -2.37462, -2.64787, -0.375533, -1.90428, -3.04877, -1.36539, -3.46675, -2.61462, -1.58886, -2.56848, -4.4668, -2.79357, -2.098, -2.25404, -3.48063, -2.23826, -3.37277, -2.82007, -2.43065, 
2001_0: -1.50496, -2.09679, -8.32901, -4.87812, -1.06873, -1.55328, -1.4105, -1.82377, -3.44041, -2.20279, -0.989136, -1.0807, -2.11716, -4.81329, -0.439187, -2.19527, -2.7052, -1.99271, -2.9118, -1.11598, -1.35083, -1.81897, -1.57196, -5.10709, -1.51351, -5.18977, -4.21374, -1.17364, -10.021, -4.96915, 
2006_1: -3.52434, -1.72282, -2.70202, -2.73948, -2.03459, -2.81122, -3.44686, -3.47952, -2.73247, -2.33499, -3.23501, -2.62531, -2.37297, -0.710939, -2.25785, -2.9338, -2.17431, -2.85068, -2.82158, -7.62441, -2.74049, -2.17719, -4.94925, -2.09883, -3.18636, -7.52804, -2.39462, -2.09743, -2.85133, -3.48276, 
2000_0: -7.81878, 0.102541, -3.33342, -2.87997, -2.2238, -3.48086, -0.745322, -0.831694, -1.25427, -3.77753, -6.87354, -1.05962, -1.09632, -3.37784, -0.466817, -7.62616, -2.04069, -2.61143, -5.94092, -0.0730627, -3.21363, -2.20581, -1.33496, -0.770946, -1.12897, -1.46682, -1.66362, -0.378065, -0.449506, -1.71189, 
2001_1: -1.77828, -4.32824, -1.4695, -1.13609, -2.5509, -4.93148, -1.95357, -1.33997, -1.24673, -2.70987, -2.50162, -1.757, -6.29135, -1.15641, -1.34803, -3.3282, -1.48997, -1.75289, -4.17578, -3.80804, -1.70922, -7.71122, -1.6901, -0.432436, -0.862684, -1.6526, -5.19592, -1.07599, -0.766667, -2.54494, 
2002_1: -2.14911, -0.565989, -1.47052, -1.48528, -0.904618, -6.32997, -1.81369, -3.31174, -1.58901, -0.569832, -1.13391, -1.32626, -3.91015, 0.342667, -0.48398, -1.86005, -2.17485, -1.39431, -1.28256, -1.47974, -3.38151, -5.06012, -4.73757, -2.66968, -2.60114, -2.68496, -4.42196, -0.608678, -1.39533, -1.1169, 
2001_2: -1.48522, -0.783035, -1.72352, -2.71373, -1.70545, -1.59239, -2.13192, -2.66695, -1.17926, -7.77745, -1.66069, -1.41413, -6.35769, 0.237808, -2.16028, -1.44038, -0.847494, -0.974517, -4.73177, -4.30727, -3.42973, -1.91074, -1.45406, -6.38289, -1.51211, -4.02066, -3.30047, -6.03782, -3.59192, -2.05918, 

== Topic 0 == (18269) 
	polici	0.0107	195
	environment	0.00928	170
	concern	0.00727	133
	cultur	0.00706	129
	project	0.00651	119
== Topic 1 == (75314) 
	system	0.0368	2774
	process	0.0246	1855
	knowledg	0.0177	1332
	servic	0.0118	886
	develop	0.0115	867
== Topic 2 == (21286) 
	model	0.152	3245
	topic	0.135	2884
	latent	0.0265	565
	document	0.0175	372
	probabilist	0.0158	336
== Topic 3 == (43325) 
	learn	0.0609	2636
	label	0.0248	1075
	model	0.0198	859
	train	0.0195	846
	domain	0.0188	814
== Topic 4 == (38132) 
	semant	0.0553	2107
	ontolog	0.0477	1819
	knowledg	0.0411	1569
	concept	0.04	1525
	extract	0.0251	958
== Topic 5 == (17333) 
	patent	0.0643	1115
	technolog	0.0562	974
	analysi	0.0381	661
	trend	0.0191	331
	identifi	0.0156	270
== Topic 6 == (24821) 
	review	0.0271	674
	articl	0.0233	578
	result	0.0188	466
	assess	0.015	373
	systemat	0.0148	368
== Topic 7 == (29488) 
	medic	0.0404	1191
	clinic	0.0385	1134
	patient	0.0301	887
	report	0.0268	790
	health	0.0246	724
== Topic 8 == (20358) 
	cluster	0.165	3357
	algorithm	0.0615	1252
	rule	0.0312	635
	document	0.0289	588
	associ	0.0233	475
== Topic 9 == (54272) 
	featur	0.0637	3456
	classif	0.0613	3324
	classifi	0.0425	2304
	select	0.0231	1254
	perform	0.0226	1228
== Topic 10 == (16544) 
	pattern	0.0644	1065
	detect	0.0577	955
	stream	0.0238	394
	time	0.0234	387
	sequenc	0.0183	303
== Topic 11 == (20708) 
	web	0.123	2555
	imag	0.084	1740
	page	0.0455	942
	content	0.0275	569
	video	0.0242	500
== Topic 12 == (13401) 
	biomed	0.0499	669
	discoveri	0.0433	580
	literatur	0.0332	445
	associ	0.0307	411
	knowledg	0.0267	358
== Topic 13 == (134532) 
	differ	0.0135	1823
	result	0.0124	1670
	howev	0.009	1211
	one	0.0079	1063
	mani	0.00731	984
== Topic 14 == (21219) 
	document	0.17	3603
	extract	0.0266	565
	categor	0.0248	526
	categori	0.0239	506
	structur	0.0202	429
== Topic 15 == (33311) 
	sentiment	0.126	4211
	analysi	0.0684	2278
	opinion	0.0623	2075
	emot	0.0222	741
	review	0.0219	729
== Topic 16 == (60731) 
	analysi	0.0151	919
	scienc	0.0142	862
	applic	0.0121	734
	discuss	0.0113	684
	provid	0.011	670
== Topic 17 == (24756) 
	review	0.058	1436
	product	0.0527	1304
	market	0.0266	658
	custom	0.0264	654
	onlin	0.022	544
== Topic 18 == (15550) 
	event	0.0968	1506
	news	0.0646	1005
	summar	0.0374	582
	extract	0.0358	557
	articl	0.0274	427
== Topic 19 == (39061) 
	term	0.0477	1865
	document	0.0448	1751
	word	0.0438	1711
	similar	0.0399	1557
	measur	0.0267	1045
== Topic 20 == (13677) 
	network	0.139	1901
	graph	0.0586	802
	neural	0.0292	399
	link	0.0237	324
	analysi	0.0213	291
== Topic 21 == (46634) 
	extract	0.0497	2317
	entiti	0.0394	1839
	system	0.0299	1395
	name	0.0291	1358
	annot	0.0259	1210
== Topic 22 == (37770) 
	social	0.0705	2662
	media	0.0352	1328
	user	0.0344	1298
	twitter	0.0253	955
	network	0.0235	886
== Topic 23 == (26274) 
	search	0.0723	1901
	user	0.0569	1494
	queri	0.054	1418
	retriev	0.0365	960
	system	0.032	841
== Topic 24 == (28093) 
	algorithm	0.0355	997
	comput	0.0156	440
	problem	0.0141	396
	matrix	0.0137	385
	effici	0.0124	349
== Topic 25 == (25559) 
	gene	0.029	740
	drug	0.021	538
	diseas	0.0183	468
	cancer	0.0178	455
	cell	0.0118	302
== Topic 26 == (49776) 
	gene	0.0433	2154
	protein	0.0309	1540
	interact	0.0249	1241
	biolog	0.0227	1131
	databas	0.0222	1105
== Topic 27 == (27434) 
	visual	0.0429	1178
	map	0.0246	676
	analysi	0.0227	623
	structur	0.0154	422
	tool	0.0129	355
== Topic 28 == (24693) 
	languag	0.0711	1757
	word	0.0391	965
	english	0.0187	461
	translat	0.0185	457
	natur	0.018	444
== Topic 29 == (17017) 
	softwar	0.0451	767
	develop	0.0267	454
	tool	0.0264	449
	sourc	0.0182	309
	code	0.0178	303
