== Parameters ==
2009_5: -1.58385, -3.50176, -4.22006, -4.15836, -3.52919, -3.44397, -2.06245, -4.48788, -3.98408, -1.978, -3.7554, -2.74801, -2.43618, -2.92323, -2.49327, -5.11118, -3.68098, -3.15409, -3.63646, -1.90286, -1.40591, -2.92276, -1.81623, -2.99162, -3.52516, -2.19461, -1.35112, -3.29476, -2.03143, -5.03409, 
2007_1: -2.20026, -2.59615, -5.17483, -2.92088, -5.43675, -2.13361, -1.57276, -3.09781, -2.46106, -2.06622, -3.84541, -1.93666, -2.1878, -2.315, -1.39418, -2.96095, -4.11558, -4.50054, -3.16628, -1.17539, -1.37564, -2.3877, -3.407, -3.60732, -2.3957, -1.50547, -1.23865, -3.50533, -3.36833, -2.78648, 
2017_1: -1.25562, -2.69807, -3.16487, -3.40745, -2.65084, -3.63401, -1.93064, -2.956, -3.52639, -1.37443, -3.99236, -3.12248, -3.15752, -2.25615, -3.0453, -2.5252, -3.96053, -1.58696, -3.44804, -1.3005, -2.32287, -3.6738, -3.81048, -1.82946, -2.70496, -1.81978, -0.477815, -2.03066, -2.51123, -3.0014, 
2005_2: -1.64697, -3.39643, -3.04438, -3.43127, -3.28703, -2.69167, -0.560094, -2.97245, -3.32132, -3.00467, -3.4605, -2.2291, -1.28035, -3.23346, -1.80159, -2.70065, -2.87303, -2.82194, -3.66114, -1.27447, -1.29534, -2.21308, -2.34729, -3.62031, -4.32801, -1.04564, -0.901502, -3.58871, -2.56134, -3.28613, 
2017_3: -1.26419, -3.13823, -2.86561, -3.23444, -3.16177, -2.5036, -2.32894, -2.85893, -4.08009, -2.02261, -3.69165, -3.32624, -1.66621, -5.37473, -2.6872, -2.1148, -3.48127, -2.6328, -3.63623, -1.76157, -2.72266, -3.74372, -2.65507, -2.61679, -3.48801, -2.45399, -1.5524, -2.91597, -3.23049, -3.2114, 
2010_1: -1.84554, -3.82597, -3.99976, -2.30968, -3.8533, -2.91834, -1.92477, -3.59358, -2.58036, -2.26843, -4.27324, -2.37416, -2.041, -3.67788, -2.26317, -2.16143, -3.77946, -3.45486, -2.81662, -1.39272, -1.87466, -2.67268, -3.28544, -3.25815, -1.96829, -2.05636, -1.18447, -2.75394, -2.4061, -4.15156, 
2005_3: -1.50489, -3.12312, -2.6335, -2.72568, -3.14268, -2.18556, -2.44253, -2.58437, -2.85297, -2.29248, -2.97858, -1.9877, -1.88989, -2.85357, -3.06514, -2.87579, -3.02935, -3.14662, -5.12564, -1.3072, -2.02356, -2.53406, -1.75903, -3.16673, -2.62664, -3.10059, -1.66233, -2.83403, -1.41674, -2.81793, 
2011_3: -1.53106, -2.51379, -3.76985, -3.07778, -3.73438, -2.29137, -1.82235, -3.35191, -2.85324, -1.91191, -3.25172, -9.73869, -1.98616, -3.16266, -1.99625, -3.35581, -4.31852, -3.53299, -4.77967, -1.14695, -2.23154, -3.30004, -2.10657, -3.32776, -3.73602, -2.00242, -1.21833, -2.78028, -2.00061, -3.45176, 
2016_2: -1.63994, -3.18011, -2.93029, -3.09673, -3.15557, -2.92273, -2.21598, -2.66069, -2.91366, -1.76011, -3.88058, -2.46642, -2.22921, -2.34801, -2.6902, -3.26172, -3.80668, -2.13494, -3.67174, -1.47953, -2.28534, -3.48166, -3.1145, -2.24967, -2.76256, -2.20612, -0.275253, -3.36067, -1.7138, -3.08788, 
2011_1: -1.91309, -2.75617, -3.7551, -2.76853, -3.57346, -2.57118, -1.67788, -3.02364, -2.50378, -1.6043, -4.30165, -2.35022, -1.86334, -2.60377, -1.79575, -3.51714, -3.18246, -2.82932, -3.82495, -1.38161, -1.9839, -2.45767, -2.9864, -3.68624, -2.31337, -1.86082, -2.22621, -2.86527, -1.98135, -3.77591, 
2014_0: -1.54511, -2.83687, -4.57709, -2.91584, -2.56857, -2.12527, -1.97829, -2.73194, -2.85567, -2.15823, -3.84557, -2.73917, -2.47441, -2.69001, -2.09231, -2.72712, -3.02565, -1.93892, -3.3133, -2.42989, -1.83372, -3.12922, -3.18335, -2.86346, -2.70645, -1.79273, -0.777412, -2.78996, -2.08819, -2.63928, 
2013_2: -1.57721, -2.63631, -3.60661, -3.20336, -3.11186, -3.22891, -1.88285, -3.07139, -3.11662, -2.10884, -3.74529, -2.52625, -1.64934, -2.54939, -2.47436, -3.15709, -3.91508, -2.12564, -3.06534, -1.30135, -2.40054, -3.14093, -3.01496, -2.26406, -3.01833, -1.90872, -1.70393, -2.29444, -1.88968, -3.60511, 
2013_3: -1.6679, -3.84783, -5.56988, -2.95445, -3.32092, -2.68021, -1.96947, -3.34279, -2.61404, -2.16034, -3.78021, -3.00002, -1.65349, -2.12349, -2.48786, -4.08176, -3.89145, -1.961, -4.1191, -1.18007, -2.01174, -9.3137, -3.49866, -2.36929, -2.61065, -1.8258, -1.60272, -2.68283, -1.93242, -3.96202, 
2015_5: -9.10572, -2.91186, -3.33765, -3.07265, -2.16071, -2.8, -2.23838, -3.33973, -4.9461, -1.88467, -4.88087, -2.85063, -1.60201, -1.96453, -2.68793, -3.91457, -3.71083, -1.90503, -3.59914, -1.4887, -2.89225, -4.54134, -2.14532, -2.07065, -2.85635, -2.12243, -1.45443, -2.59685, -2.007, -4.03673, 
2004_3: -1.93527, -3.503, -2.82019, -3.39556, -3.26672, -2.87585, -1.90212, -2.75553, -4.39468, -2.44435, -2.91153, -2.02383, -2.07206, -3.13022, -2.50612, -3.06787, -3.12149, -3.83442, -2.97283, -1.17905, -2.31874, -3.45536, -2.25929, -3.2964, -4.51715, -1.80624, -3.20734, -3.00895, -3.03029, -3.17946, 
2008_0: -2.93837, -3.51518, -3.57757, -2.99842, -3.55386, -2.32675, -1.74842, -3.37404, -2.58273, -2.48712, -4.29622, -2.28124, -2.19427, -2.62045, -1.75207, -3.26725, -3.53135, -3.19693, -3.39005, -1.80345, -1.60786, -3.60921, -3.7661, -3.75271, -3.44317, -1.6613, -1.53399, -3.45246, -2.37793, -3.9426, 
2008_4: -1.84739, -2.86046, -3.72178, -2.89563, -3.83155, -3.12953, -1.68486, -3.02332, -3.64127, -2.6075, -3.29587, -2.32372, -1.47053, -3.02697, -1.74941, -2.88165, -4.52248, -3.48124, -3.99476, -1.53298, -2.23158, -3.41909, -2.01488, -4.20075, -3.36649, -1.88412, -1.27867, -3.64384, -2.55567, -4.11421, 
2014_1: -1.1835, -2.39612, -3.6549, -3.1369, -2.77528, -2.20806, -3.95355, -3.36377, -2.58814, -1.44204, -3.79796, -2.84712, -2.39604, -2.6619, -2.6819, -4.18761, -3.25004, -1.88247, -2.67659, -1.55659, -1.77446, -3.60059, -2.98227, -2.17679, -2.68586, -3.09357, -0.919965, -2.89524, -2.30985, -3.04274, 
2014_2: -1.82693, -2.94954, -4.23556, -3.32951, -2.77505, -2.60475, -2.10958, -3.31224, -2.76611, -1.73593, -4.48594, -2.88829, -2.5455, -2.85852, -1.7189, -2.98474, -4.32392, -1.57318, -3.71741, -1.17435, -2.36684, -2.66286, -2.86452, -2.43459, -3.08525, -2.2116, -1.00407, -2.97254, -2.11667, -3.13146, 
2012_4: -1.39844, -2.77133, -3.83196, -3.08784, -2.44617, -3.67222, -1.99009, -3.67758, -3.66237, -2.03547, -3.37743, -2.98288, -1.72463, -2.55254, -2.20391, -2.74232, -4.40222, -2.53007, -4.04614, -1.80456, -2.05038, -3.658, -2.23013, -3.10304, -2.5598, -2.03409, -1.32235, -2.80628, -1.79549, -4.38284, 
2011_5: -1.5244, -2.8806, -3.61557, -3.82883, -2.52921, -3.48817, -1.743, -3.60285, -3.38918, -1.81555, -3.71955, -3.07139, -1.60807, -2.40687, -2.30847, -3.91371, -5.82, -2.72719, -4.11794, -1.60078, -2.47285, -6.76055, -2.13989, -2.86702, -3.27029, -2.20217, -1.58731, -3.16904, -2.35494, -4.40225, 
2007_4: -1.30928, -2.798, -3.33885, -3.19737, -3.27722, -3.28492, -1.14639, -2.64718, -3.59227, -2.78857, -4.75027, -3.20485, -2.12843, -4.59773, -2.31114, -5.49097, -3.40361, -3.17548, -3.42039, -1.69561, -2.12416, -7.36779, -1.62017, -3.49367, -1.62004, -2.27837, -1.41151, -3.22741, -2.59366, -3.60364, 
2012_2: -2.19175, -3.77837, -3.45299, -3.60041, -3.65778, -2.05911, -1.64922, -2.70451, -3.17084, -1.89728, -4.05604, -7.06712, -1.78598, -2.95161, -2.20571, -3.40164, -3.46396, -2.80185, -5.00053, -1.46317, -2.08865, -3.95994, -2.8378, -3.29204, -3.32856, -1.66767, -1.22532, -2.63107, -2.16611, -4.05057, 
2003_4: -2.11331, -2.8887, -2.69325, -2.37868, -4.11238, -2.36004, -0.586684, -2.54549, -1.689, -2.20328, -2.4763, -1.35154, -1.54846, -2.82717, -1.3183, -2.35454, -2.32844, -4.94487, -5.34411, -1.48842, -1.66778, -1.81262, -2.22108, -2.83834, -2.06715, -1.06236, -2.13107, -2.53904, -2.66592, -3.73977, 
2011_2: -1.75614, -2.88913, -3.48634, -2.80967, -3.31139, -3.95673, -1.93683, -3.42201, -2.63089, -1.96912, -4.10087, -2.25102, -1.79869, -2.65576, -2.04191, -5.3179, -3.84019, -3.26799, -3.38008, -1.33746, -2.18851, -2.77712, -2.93439, -2.36443, -2.51385, -1.76576, -1.2611, -2.78542, -2.52639, -4.33031, 
2016_3: -0.825634, -2.83874, -3.6814, -3.69485, -2.60264, -3.0956, -1.50768, -2.47482, -4.03147, -1.7805, -3.52879, -3.72617, -1.91663, -2.03634, -1.94455, -2.46157, -3.52392, -2.12296, -3.11297, -1.68715, -1.89166, -4.43748, -2.47109, -2.33094, -3.52208, -2.43953, -3.38223, -3.55966, -1.93231, -3.19097, 
2011_4: -1.58273, -2.22508, -4.2541, -2.48802, -3.45237, -2.5613, -1.8495, -4.87578, -3.80921, -1.98352, -3.43525, -3.09146, -1.91057, -3.04749, -2.2492, -2.57308, -5.29397, -2.428, -4.42644, -1.55133, -2.15744, -3.70074, -2.68847, -3.52822, -2.47983, -2.23975, -1.30703, -5.92239, -2.06147, -3.83353, 
2010_4: -1.52328, -2.50092, -3.57509, -3.3674, -3.61471, -2.80469, -1.94217, -3.01936, -2.32924, -1.74793, -3.6385, -2.92761, -1.77701, -3.0912, -2.02045, -3.64533, -3.23696, -3.0237, -3.26139, -1.73589, -1.9997, -3.3864, -2.12473, -3.1536, -2.19149, -1.99062, -1.11424, -3.95623, -3.05653, -3.77327, 
2013_4: -1.50763, -3.24533, -4.27692, -4.17687, -2.33487, -3.27596, -1.82093, -2.91348, -3.02413, -2.61361, -3.47734, -2.49799, -2.04861, -3.32996, -2.21997, -2.41289, -4.2519, -2.17457, -3.69024, -1.44552, -2.09953, -3.54258, -2.45781, -2.69118, -2.38936, -2.33476, -1.12269, -2.44342, -2.35157, -4.63321, 
2007_5: -1.69914, -4.23142, -3.62108, -2.70735, -3.44861, -3.33318, -1.59903, -2.78117, -3.01858, -2.45894, -3.53688, -3.24968, -1.7481, -2.759, -2.09187, -2.65867, -3.04218, -3.3596, -3.34738, -1.14771, -1.82633, -2.88476, -3.06506, -3.0376, -2.27048, -1.80433, -0.976329, -2.86042, -3.49545, -5.84818, 
2004_1: -5.42997, -2.31989, -2.09389, -2.08386, -6.68329, -1.63456, -2.12706, -2.15112, -2.37975, -1.58673, -2.91549, -2.5838, -2.36911, -2.31788, -2.40233, -2.40199, -3.17344, -2.83475, -3.89532, -0.930052, -1.61186, -2.58094, -2.177, -3.29007, -2.07126, -1.14326, -0.973912, -2.74351, -2.42887, -2.33647, 
2009_3: -1.86028, -3.66116, -4.13694, -3.13321, -3.65101, -3.59837, -1.99664, -4.06511, -3.66101, -1.95417, -3.60515, -3.03447, -2.18933, -3.13125, -1.66115, -3.18657, -3.93809, -4.68523, -3.74572, -3.45748, -1.81666, -2.35353, -2.52907, -3.71322, -2.55803, -1.85344, -1.17994, -4.21567, -2.1134, -3.37767, 
2015_0: -1.92437, -2.88367, -4.74177, -2.87977, -3.63737, -2.45722, -2.14943, -7.17077, -3.28037, -2.03429, -3.99822, -3.03953, -2.06733, -2.78573, -2.31863, -3.21878, -4.23993, -2.01124, -3.3421, -0.776494, -1.79197, -3.59227, -2.71624, -2.59474, -2.69068, -2.01493, 0.321351, -2.30011, -2.14313, -3.34937, 
2012_5: -1.55205, -2.51507, -4.97509, -3.63421, -3.36565, -3.84594, -2.0719, -3.13509, -3.7515, -2.12405, -6.35037, -2.71041, -2.08782, -2.61152, -2.53181, -2.75191, -3.87043, -1.99432, -4.45055, -1.6007, -2.42498, -3.69586, -2.90771, -2.53822, -3.1276, -2.49764, -1.34927, -2.54048, -2.21288, -3.75652, 
2009_4: -1.71308, -3.46357, -3.88215, -3.24111, -4.43102, -2.83029, -1.74064, -3.75528, -3.11513, -1.89837, -3.337, -2.76624, -1.58607, -2.99814, -2.45866, -2.55867, -3.68518, -3.38733, -3.73195, -1.77503, -1.91372, -2.88415, -2.45319, -3.40013, -3.21676, -2.05659, -4.22862, -2.98133, -2.05993, -3.62021, 
2015_2: -1.01382, -2.87911, -3.24721, -3.10964, -3.15216, -2.5624, -1.99662, -4.0812, -3.55125, -2.03033, -4.05325, -2.96148, -1.86292, -2.69013, -2.23439, -3.30206, -3.98048, -1.9131, -3.43004, -1.29129, -2.01412, -3.48106, -2.26475, -2.12977, -2.53182, -1.68837, -1.14836, -2.83777, -1.95937, -4.59603, 
2014_4: -1.05064, -2.77737, -3.1787, -3.4379, -2.57329, -4.00727, -2.32406, -3.20298, -2.95518, -2.17175, -3.86807, -3.07144, -1.70029, -2.75603, -2.4328, -4.02939, -3.7983, -2.05496, -3.88855, -1.29682, -1.70882, -3.80397, -2.228, -2.55543, -2.85629, -2.02331, -1.11647, -4.60182, -2.19781, -4.08972, 
2014_3: -1.43808, -2.79043, -3.62779, -3.29729, -2.84752, -2.93484, -2.17138, -9.68075, -2.67603, -2.31343, -3.66827, -2.98355, -1.99752, -2.61905, -2.09506, -2.84034, -3.77081, -2.24211, -3.00892, -1.03685, -2.24815, -3.8385, -2.65847, -2.30173, -2.55973, -1.98427, -0.846273, -2.42626, -2.13639, -3.01251, 
2003_5: -1.20741, -6.85223, -2.82601, -4.52525, -2.55201, -1.65499, -3.24533, -2.81259, -2.39286, -1.51487, -2.79773, -2.00416, -1.1135, -3.00646, -2.05057, -5.84213, -2.15839, -2.45121, -3.39646, -0.959239, -1.58014, -1.70463, -2.14181, -2.58207, -2.19648, -1.89452, -1.90732, -2.59292, -2.4243, -2.84885, 
2016_5: -1.39035, -2.8685, -3.10004, -2.62258, -2.53339, -3.26846, -1.81747, -2.55243, -3.38726, -2.20887, -3.47206, -2.75127, -1.7804, -2.20511, -2.82138, -3.78041, -4.24713, -2.33522, -4.40293, -1.5881, -2.62647, -3.94688, -2.38233, -2.11703, -2.73327, -2.33289, -0.806524, -4.97623, -2.02783, -5.29228, 
2015_3: -1.3469, -2.64914, -3.66144, -2.69774, -2.46283, -2.50603, -1.93058, -2.97033, -3.9133, -1.65332, -3.41115, -2.4024, -1.97549, -2.21637, -1.90252, -2.99654, -3.82653, -2.40463, -3.56241, -1.49731, -2.46055, -3.73103, -2.45411, -2.53586, -2.80384, -2.58023, -0.877644, -2.86686, -1.92168, -3.33366, 
2008_1: -2.36758, -2.89478, -3.46082, -2.45343, -4.09746, -2.46416, -1.30176, -3.26852, -2.73031, -2.2161, -3.64927, -2.2723, -2.3503, -3.44627, -2.1608, -2.56415, -2.96444, -3.3372, -3.35338, -1.43964, -1.6593, -3.0359, -3.32673, -4.04402, -3.42484, -1.80985, -1.43324, -4.56696, -2.48375, -3.31873, 
2007_0: -1.40899, -3.4951, -3.4019, -3.41145, -3.41167, -2.85373, -1.82226, -2.73939, -1.93392, -2.23298, -3.6847, -5.48018, -1.73301, -3.0596, -1.72738, -2.79151, -3.42647, -3.50714, -4.83786, -1.68798, -1.33562, -3.57653, -2.94653, -3.88962, -3.23677, -1.85549, -1.13312, -4.1549, -2.7057, -3.92392, 
2005_0: -2.61986, -2.49167, -2.7836, -3.439, -3.06268, -2.04544, -0.985756, -2.33097, -1.6119, -2.717, -4.97322, -2.25808, -1.88304, -2.57225, -2.03166, -2.5344, -3.14854, -3.07933, -2.70752, -0.470814, -1.29933, -1.67293, -2.1564, -3.11268, -2.05141, -1.338, -0.996424, -1.92554, -2.59695, -2.73289, 
2004_4: -1.32902, -2.56961, -3.39979, -3.00575, -3.29035, -2.61343, -1.60017, -2.82947, -2.5043, -4.78457, -2.66146, -1.96004, -1.81812, -2.08668, -8.0419, -2.49451, -4.3319, -2.73816, -2.93202, -1.60164, -3.01431, -2.44006, -2.08533, -3.46013, -2.87804, -2.49771, -1.45493, -8.59916, -2.59397, -3.05137, 
2007_2: -1.92602, -2.92849, -3.17136, -3.20067, -3.40548, -2.65032, -2.03891, -2.79568, -2.29552, -3.27798, -4.09396, -2.05565, -3.24156, -2.63182, -1.7433, -3.68262, -3.56083, -4.10578, -2.9748, -1.03796, -2.23921, -3.17946, -3.08846, -5.61139, -3.28229, -1.77191, -2.12103, -3.21883, -2.89045, -3.44005, 
2006_4: -1.68551, -3.20688, -3.18601, -3.56943, -3.83222, -3.22413, -1.71654, -5.5028, -2.77309, -2.31857, -3.39473, -1.9215, -1.58556, -3.45165, -1.99231, -3.31678, -3.4111, -3.45829, -4.25295, -1.43255, -2.29585, -3.12339, -2.51236, -3.70888, -2.81875, -2.09063, -1.21842, -2.85243, -2.32855, -3.86918, 
2012_1: -1.5811, -2.57307, -3.95408, -2.72565, -2.91336, -2.80059, -1.77329, -2.81136, -2.64491, -2.02188, -5.56894, -2.14411, -1.96367, -3.47688, -1.96055, -3.26765, -3.6263, -2.08027, -2.81303, -1.20537, -2.33579, -2.68795, -3.64289, -2.77457, -2.51151, -2.38792, -2.19464, -3.3317, -2.62641, -4.02799, 
2008_2: -2.09943, -3.09677, -5.13882, -3.99138, -2.94678, -2.78051, -1.64152, -3.45245, -3.56987, -1.84182, -3.8934, -1.83121, -1.72824, -2.669, -1.73949, -4.25195, -3.59787, -3.65351, -3.45418, -1.32709, -1.88196, -2.45223, -3.34943, -4.55674, -2.75811, -1.87721, -1.15688, -2.84521, -2.63891, -3.46088, 
2012_3: -1.20371, -2.91595, -3.58779, -2.81663, -3.19529, -3.1242, -1.69697, -2.85472, -2.92154, -2.27765, -4.14989, -4.15185, -1.81175, -2.79912, -2.37369, -4.30484, -3.23257, -3.21966, -3.80638, -1.30841, -1.99124, -5.73911, -2.57314, -2.69179, -2.98578, -1.85599, -1.32495, -2.97536, -2.05928, -3.20055, 
2009_1: -1.91145, -3.02945, -2.97702, -2.97, -3.84445, -2.76367, -2.03363, -3.14604, -3.13166, -1.91536, -3.70546, -2.09484, -2.06377, -2.71592, -1.78884, -3.25157, -3.17164, -4.36887, -3.46834, -1.61078, -1.99241, -3.44649, -2.76261, -3.0374, -2.30571, -1.72507, -1.48027, -3.54697, -2.04791, -3.5278, 
2010_3: -1.6028, -2.32956, -3.60095, -2.59566, -3.25071, -2.62647, -1.84169, -3.40527, -2.55104, -1.70677, -3.58052, -2.14078, -2.18491, -2.98317, -2.17343, -2.98011, -3.12353, -2.74104, -3.54127, -1.70699, -1.88796, -2.70216, -2.45898, -2.95324, -2.49116, -1.87808, -0.996764, -4.36478, -2.17533, -3.65132, 
2016_4: -1.34435, -3.1575, -3.2355, -3.48051, -2.70742, -3.22857, -2.20555, -2.44847, -3.75179, -1.55442, -3.66092, -3.17941, -1.57015, -2.2075, -2.35396, -3.43214, -4.02045, -2.31515, -3.38319, -1.57232, -2.2448, -6.47429, -2.62664, -1.79345, -3.72937, -2.63016, -0.820582, -2.80741, -2.14145, -2.86298, 
2017_5: -1.48379, -3.07868, -5.17669, -5.79407, -3.10327, -2.79966, -2.44134, -3.00725, -3.66038, -1.95185, -3.26859, -3.72223, -1.5908, -2.35768, -3.60783, -2.35317, -3.50255, -1.73148, -2.77616, -3.1757, -2.31492, -3.40394, -2.93386, -1.82784, -3.14397, -2.06175, -0.853592, -1.9255, -3.38515, -3.00359, 
2002_4: -4.93309, -1.64287, -4.19296, -2.2409, -2.16175, -1.99564, -1.34745, -2.09966, -3.65138, -3.83255, -2.46945, -1.56738, -1.68153, -1.97424, -1.22404, -6.1612, -2.44411, -7.17982, -2.32593, -1.52796, -3.32097, -1.62216, -2.73979, -2.31733, -2.06322, -2.70867, -1.39291, -4.78617, -2.16798, -4.08114, 
2009_2: -2.17421, -3.13208, -3.23971, -3.8074, -3.61918, -2.62816, -1.86625, -4.80875, -2.62667, -1.66639, -3.43821, -2.53525, -2.2918, -2.91113, -1.78344, -3.51029, -3.41026, -4.22104, -2.98461, -1.74565, -1.83314, -2.41596, -2.88944, -3.21642, -2.89637, -1.90479, -1.31808, -3.05684, -2.6041, -3.1723, 
2015_4: -1.45963, -2.45807, -3.53539, -3.13632, -2.32811, -3.02131, -2.25177, -2.67708, -4.4331, -2.23696, -3.44682, -2.83435, -1.745, -2.72471, -2.08398, -2.75964, -4.19013, -2.42766, -3.93894, -1.44739, -2.42094, -4.46654, -2.35651, -2.2787, -2.25349, -2.16925, -1.05885, -7.02481, -1.84887, -2.91695, 
2005_4: -1.30136, -2.7965, -3.29778, -6.33104, -3.23138, -6.40761, -1.55369, -3.23732, -2.5321, -2.16437, -3.03317, -2.43949, -2.17372, -3.20973, -1.79191, -3.01829, -2.96352, -6.29938, -3.38372, -1.60026, -4.07326, -2.37413, -1.36338, -3.3035, -2.70667, -1.40762, -1.22969, -5.53393, -2.36495, -3.41884, 
2009_0: -3.55303, -2.6559, -3.79439, -2.01789, -3.48184, -2.28887, -1.39889, -3.55922, -2.52395, -1.64139, -3.99568, -2.47635, -2.03548, -2.98077, -2.59178, -2.6869, -3.80318, -3.76931, -2.93611, -1.42441, -1.41778, -2.55654, -3.35888, -3.55352, -2.57324, -1.13297, -1.51566, -3.04319, -4.07038, -3.96033, 
2005_1: -2.05565, -2.31694, -3.04171, -4.36654, -4.63955, -3.02167, -1.17688, -2.71797, -2.59939, -2.07098, -3.15565, -1.95388, -2.3319, -3.78928, -1.72826, -3.04061, -3.4821, -3.14312, -3.7455, -1.36504, -1.58033, -3.67475, -4.43555, -3.13371, -2.43218, -1.2737, -1.29753, -4.52016, -2.37175, -3.22364, 
2003_0: -2.76839, -2.8628, -2.91708, -3.39598, -5.33534, -2.66971, -1.99409, -3.12775, -1.8655, -2.04675, -2.87118, -2.22463, -2.08269, -2.5443, -3.4815, -2.54233, -2.80436, -2.13691, -4.02245, -2.06659, -1.69906, -1.50322, -2.52602, -3.92721, -2.43709, -6.84514, -1.69484, -4.7417, -1.97386, -3.09098, 
2017_4: -1.51323, -3.3305, -2.90803, -3.67954, -2.6679, -3.31953, -1.87841, -3.72796, -4.86871, -2.00639, -3.62206, -3.04394, -1.57102, -2.48376, -2.56334, -2.55854, -3.22886, -1.97871, -5.54093, -1.7734, -2.19266, -3.68504, -3.02356, -2.25866, -2.64797, -2.26378, -0.991814, -3.19433, -2.51596, -3.13486, 
2015_1: -1.71676, -2.89461, -3.61459, -3.89501, -3.86172, -3.08562, -1.81268, -2.60299, -2.87772, -2.20372, -3.56121, -2.73332, -1.69772, -2.62755, -2.07024, -2.83664, -3.92203, -2.46065, -3.41935, -1.23996, -2.66197, -3.54882, -2.71959, -2.34551, -2.6189, -1.95317, -1.28777, -2.8937, -2.42305, -3.44583, 
2013_5: -1.44717, -2.51656, -4.46388, -4.27265, -2.84181, -3.42569, -2.10458, -3.48781, -3.88918, -2.41245, -3.45356, -3.39721, -1.90716, -2.77927, -2.32773, -3.97765, -3.77595, -1.40744, -4.13261, -1.87377, -2.17859, -3.96864, -3.05448, -2.22181, -6.32365, -2.62228, -1.19508, -2.48501, -2.14579, -10.067, 
2012_0: -2.29572, -3.08519, -3.32966, -3.34279, -3.43389, -2.70881, -1.84101, -4.12446, -2.67225, -1.87181, -4.1647, -2.48252, -1.77837, -2.63641, -2.3475, -3.43703, -3.87658, -3.24702, -3.46883, -1.38194, -1.69654, -2.16616, -4.65251, -2.4877, -2.34281, -1.52391, -1.08046, -3.36994, -1.88569, -3.21843, 
2013_0: -1.55092, -2.7836, -8.35909, -3.18587, -3.41881, -2.36666, -2.09994, -3.29162, -2.61012, -2.40782, -4.40877, -2.75854, -1.99011, -2.35273, -2.08004, -2.74752, -3.55063, -2.01023, -3.52176, -1.51476, -2.13467, -3.05455, -4.45663, -2.13318, -2.3514, -1.55326, -0.872435, -2.39955, -1.93762, -3.03678, 
2010_5: -1.82643, -2.85158, -3.97917, -3.18609, -2.73685, -6.48686, -2.22508, -3.64661, -3.24392, -2.76077, -3.15749, -2.0092, -1.51498, -2.98975, -2.2497, -4.11132, -3.95694, -2.81483, -5.01248, -2.02328, -2.24869, -3.47027, -2.07097, -3.06064, -3.37745, -2.1991, -1.6431, -3.99273, -2.30681, -4.16984, 
2013_1: -1.45944, -2.49321, -3.83433, -2.81098, -3.19891, -2.55297, -1.76491, -3.74603, -3.16487, -2.22373, -3.97247, -2.35508, -1.70842, -3.14348, -1.76104, -2.79742, -4.58004, -2.20663, -2.97626, -1.36109, -1.82482, -2.97153, -3.37322, -3.24257, -2.18806, -1.68447, -1.131, -3.47924, -2.56442, -5.51067, 
2008_3: -1.6899, -3.9109, -4.11688, -2.73511, -3.10112, -3.13224, -1.97466, -3.0862, -2.79271, -2.20794, -3.32142, -2.71998, -1.85615, -3.21559, -1.93165, -3.52189, -3.44869, -3.59563, -3.41121, -1.26926, -1.37555, -2.73952, -1.86323, -3.31797, -3.17877, -2.14955, -1.41547, -2.73513, -2.5023, -3.93378, 
2005_5: -2.04893, -3.19067, -3.11762, -3.09628, -2.9233, -2.99388, -2.3359, -2.82588, -3.12111, -2.34781, -6.86347, -1.95699, -2.07366, -2.84238, -2.80873, -2.78537, -3.29831, -3.38622, -3.01788, -1.16426, -2.46017, -4.39302, -1.55806, -2.60741, -2.91679, -2.38264, -1.35374, -2.57599, -1.62858, -2.85521, 
2002_1: -2.41934, -1.55693, -1.61373, -1.03681, -5.94074, -1.23272, -1.0235, -1.70635, -1.09576, -1.09455, -1.91501, -5.05442, -2.51523, -2.57014, -1.23584, -1.68171, -1.47572, -1.56254, -1.92812, -0.901346, -0.709403, -1.70371, -2.40954, -2.50184, -2.71427, -0.0686139, -2.2702, -1.57979, -1.37689, -4.44061, 
2016_0: -2.03478, -3.81153, -3.12867, -2.98427, -2.89684, -2.49029, -2.3182, -2.88005, -2.99944, -2.10551, -4.10729, -2.55041, -2.46972, -1.91765, -2.4367, -3.34788, -3.99523, -2.30127, -3.26057, -1.84787, -2.2461, -4.30957, -3.33284, -2.12994, -2.62159, 1.28781, -1.32762, -2.98761, -2.47121, -3.12524, 
2010_0: -1.4475, -2.71529, -3.53934, -2.9251, -3.10644, -3.13627, -1.63258, -3.90038, -2.12974, -2.05185, -3.6505, -2.36438, -3.61764, -3.33514, -1.39597, -2.43264, -5.11844, -3.23328, -4.00093, -1.49182, -1.34117, -2.39244, -3.4147, -3.90129, -3.74705, -1.50056, -1.23135, -2.3429, -2.37016, -3.23175, 
2014_5: -1.1194, -3.11176, -4.43273, -3.43637, -3.39716, -3.21332, -1.95434, -2.87787, -3.65251, -1.8068, -6.19953, -2.79954, -1.41853, -2.37539, -2.69668, -3.3954, -5.96927, -1.82036, -3.41001, -1.69292, -1.9761, -3.93622, -2.81153, -2.06101, -2.97329, -2.20286, -0.882888, -2.72298, -2.20451, -3.61133, 
2004_0: -1.59773, -3.05563, -2.07317, -1.8709, -2.45587, -1.82501, -1.7775, -2.33278, -2.0415, -1.81096, -2.72028, -1.88243, -3.12713, -2.80113, -1.0388, -1.99483, -2.21377, -2.36551, -2.55151, -1.00258, -0.891112, -2.01603, -2.54895, -2.85263, -2.04389, -1.27722, -3.42439, -2.00604, -2.42745, -3.02005, 
2000_4: -1.42841, -0.745208, -2.05337, -1.47021, -2.19262, -4.13177, -0.781531, -0.392712, 0.0878914, -0.404927, -2.89483, -0.335666, -1.11645, -0.889255, -1.29765, -1.12263, -1.15155, -1.34212, -2.83612, -0.857381, -0.468518, -2.36424, -2.59005, -7.98724, -0.710179, -1.64192, -3.10562, -1.51114, -1.94142, -0.949585, 
2000_2: -4.38369, -5.94132, -4.79322, -1.52594, -1.69273, -0.889082, -1.16012, -4.61636, 0.708701, 0.0879075, -1.23582, -5.76745, -0.404642, -3.04593, -1.82442, -0.705244, -0.872553, -1.54501, -5.82534, -3.5078, 0.336213, -3.34721, -1.07849, -2.39142, -1.30409, 0.14721, -0.645473, -1.32249, -1.14417, -1.0024, 
2006_5: -2.01963, -3.50234, -6.38111, -2.65876, -3.51275, -3.24578, -2.68759, -3.82917, -4.99746, -2.5367, -3.42694, -2.65729, -1.30299, -3.02013, -2.81808, -2.87085, -3.62288, -3.80707, -3.49645, -1.1328, -2.08246, -7.53566, -1.94255, -2.51695, -2.61434, -1.66542, -0.791324, -5.29385, -2.70365, -3.77955, 
2003_2: -3.23647, -2.42358, -2.95519, -2.34883, -2.78187, -1.68001, -1.76382, -2.50159, -1.9103, -1.20658, -2.7266, -1.42915, -1.54776, -4.87304, -3.4504, -4.03115, -4.03677, -2.94668, -2.65309, -1.69059, -1.22429, -1.86885, -2.59239, -2.70842, -2.6684, -0.723128, -0.93324, -2.00232, -3.53371, -3.1427, 
2004_2: -1.81312, -2.57435, -2.66137, -2.49683, -2.81052, -4.8367, -1.45771, -4.45668, -2.35005, -2.65313, -2.7925, -1.8252, -1.36419, -3.30314, -1.55383, -3.57679, -2.60918, -3.17276, -2.55225, -1.45225, -1.09301, -2.4442, -2.32211, -3.42682, -5.40736, -2.25552, -1.0839, -2.5524, -2.51875, -2.69836, 
2006_0: -2.33188, -3.21344, -3.66069, -2.82721, -2.94547, -2.80581, -4.96563, -2.95563, -2.75837, -2.53512, -4.41009, -3.17098, -3.05702, -3.15332, -1.44919, -2.75209, -3.07269, -3.4324, -2.74903, -1.00539, -1.45745, -2.61164, -2.16889, -3.46193, -2.61331, -2.06704, -1.06968, -3.15571, -2.39599, -7.73334, 
2004_5: -1.59687, -2.56759, -3.2625, -2.24308, -3.13795, -2.63071, -1.32098, -2.44402, -2.37049, -2.74411, -3.2341, -1.8381, -1.56186, -2.13369, -1.99807, -2.61021, -3.01882, -3.22167, -2.67604, -0.84415, -2.85685, -2.16724, -1.4679, -2.82864, -2.7604, -1.66625, -1.18783, -2.38111, -1.48472, -2.73565, 
2007_3: -1.7304, -3.00522, -3.58392, -2.41666, -4.35685, -2.28423, -1.28364, -3.3215, -2.55824, -2.36692, -3.70597, -2.98227, -2.30043, -2.7563, -1.79604, -3.66738, -3.37018, -3.48965, -3.52018, -1.54512, -1.2614, -3.47184, -2.84304, -3.86606, -3.11894, -1.77682, -1.31008, -3.01884, -1.22459, -3.80951, 
2001_0: -1.24737, -1.28717, -1.82336, -0.924474, -6.19466, -1.09688, -0.44747, -1.0677, -0.769025, -3.67562, -1.94117, -1.62461, -1.5053, -1.7836, -0.852211, -2.44891, -3.68089, -3.37976, -6.6087, -0.684264, -2.93473, -1.47767, -4.70753, -1.40677, -3.67013, -0.371639, -1.43038, -1.5241, -7.44852, -1.18103, 
2001_1: -0.911578, -1.83712, -1.57375, -2.23206, -1.83787, -0.831938, -5.10769, -2.77614, -0.661653, -1.47297, -1.95181, -0.751194, -0.884965, -5.50402, -5.74047, -2.706, -2.24074, -1.70555, -2.31129, -5.29811, -1.87129, -2.5054, -1.76469, -1.73846, -1.66633, -0.414496, -0.775657, -1.87618, -2.28748, -4.39014, 
2010_2: -1.66626, -2.86546, -3.65636, -3.59496, -3.02922, -2.35573, -1.69867, -3.42851, -2.91143, -1.93245, -4.00702, -2.82247, -1.66578, -3.73445, -2.14841, -2.69222, -3.67202, -3.44191, -3.15076, -1.69874, -1.72072, -3.31144, -2.88312, -3.21319, -2.77212, -1.97971, -1.38118, -4.71421, -2.14541, -3.99923, 
2003_1: -3.39925, -7.30555, -2.07348, -1.41026, -2.14609, -2.07482, -2.14643, -2.31136, -1.44549, -1.55292, -1.96697, -2.26727, -1.72693, -2.25755, -1.43028, -1.9352, -3.38445, -2.80975, -4.12678, -2.09952, -1.69821, -2.14986, -1.99877, -2.803, -6.2311, -1.55854, -1.15141, -2.31884, -2.81912, -2.31164, 
2008_5: -1.5354, -3.05858, -3.67737, -3.41662, -3.47216, -3.96791, -1.90214, -3.857, -3.64698, -2.02461, -3.22503, -5.36737, -2.04808, -3.02088, -2.56126, -3.00647, -3.20043, -3.25774, -3.799, -1.48531, -2.13208, -3.36258, -1.86141, -3.13357, -3.15711, -2.29563, -1.26501, -3.14226, -2.07971, -4.24515, 
2006_3: -2.01218, -3.14376, -3.15914, -2.5309, -3.53915, -3.08978, -1.73233, -2.9409, -2.52223, -2.29036, -4.80446, -2.09317, -3.79054, -2.91705, -1.70618, -5.56912, -3.4531, -4.00745, -3.98095, -1.46215, -1.81271, -3.51265, -2.16327, -3.12936, -3.04431, -1.94011, -1.22692, -2.70748, -2.08714, -3.73124, 
2011_0: -1.6694, -2.93836, -3.35755, -2.25525, -3.42342, -3.2119, -1.83591, -2.83981, -2.85236, -2.21657, -3.82237, -2.2416, -3.2677, -3.43133, -2.16611, -3.70459, -3.45186, -2.68391, -3.67704, -1.22241, -1.73553, -2.17213, -3.00867, -3.19801, -2.46742, -1.72187, -1.00789, -3.58671, -2.00772, -3.73151, 
2006_1: -2.14924, -2.64546, -5.1902, -3.15625, -2.7703, -2.60109, -1.29066, -2.67691, -3.40395, -2.35001, -3.33867, -1.73554, -3.37822, -5.3893, -1.28536, -3.01954, -3.58033, -3.45208, -2.41853, -1.32924, -1.17388, -2.27001, -2.43333, -3.68582, -2.26591, -0.815168, -1.14543, -3.12888, -2.58384, -3.34057, 
2000_0: -0.170455, -0.79447, -1.73385, -0.793444, -1.14092, -0.167291, -0.491303, -1.9886, -3.5054, 0.0926155, -3.59501, -2.40059, 0.0110749, -3.4868, -3.68668, -1.3442, -1.16657, -4.28959, -2.93071, -0.298055, -0.550426, -2.83162, -6.18525, -0.663789, -0.771412, 0.497632, -0.65346, -0.705239, -4.41843, -1.32634, 
2002_5: -2.10633, -1.72092, -2.18948, -2.04512, -5.27386, -1.87399, -1.17483, -8.7945, -1.98376, -3.19538, -1.93068, -2.90326, -2.95092, -1.94423, -0.998159, -0.8752, -4.7483, -1.83278, -1.7149, -0.705936, -1.61506, -3.16337, -1.41292, -3.81873, -1.53278, -1.86958, -0.807342, -1.39427, -3.53358, -1.96227, 
2002_0: -2.59272, -6.07032, -2.05371, -1.88851, -7.62185, -4.49816, -0.751862, -2.31389, -2.97253, -4.80298, -2.36993, -1.28869, -1.93036, -2.36126, -3.09274, -2.77331, -2.50866, -3.02597, -2.67273, -0.902132, -0.628336, -1.98752, -2.56832, -2.22209, -2.49552, -1.41055, -0.961559, -7.22237, -2.94751, -2.21873, 
2006_2: -3.06947, -2.7898, -5.26289, -2.90368, -3.42167, -3.30779, -1.48442, -4.19015, -2.52497, -1.93367, -4.31299, -2.33711, -2.16319, -3.02784, -1.61639, -2.71374, -3.31145, -4.79664, -9.08189, -1.26478, -3.07208, -2.56905, -2.46536, -3.98117, -2.5496, -1.53992, -1.5169, -4.1311, -2.56636, -3.27727, 
2001_3: -4.77006, -4.16132, -1.78396, -1.04321, -1.48951, -1.44572, -4.15601, -1.82626, -0.79661, -0.570444, -4.26155, -0.588095, -4.89797, -4.05102, -1.49005, -3.30978, -2.85579, -2.85062, -1.29628, -0.190972, -0.489275, -0.965597, -3.55354, -1.65224, -1.88074, -1.16618, -3.10292, -1.86644, -2.97604, -8.3822, 
2002_3: -1.16009, -1.83479, -3.1706, -4.79743, -4.62821, -2.04467, -1.45868, -1.47129, -3.37841, -2.24724, -2.12564, -1.80057, -1.04248, -4.51327, -0.861429, -1.62218, -2.03361, -2.0261, -1.9563, -1.91497, -1.06375, -2.80368, -1.90807, -1.64549, -2.03808, -1.03892, -1.31013, -4.03944, -2.23285, -2.27631, 
2000_3: -0.80156, -1.1382, -1.16318, -1.30711, -4.38642, -0.74117, -1.13187, -1.00178, -0.933315, -0.356703, -1.54654, -5.03051, -0.62383, -1.06163, -4.05803, -1.31639, -4.03323, -5.73489, -1.55765, -3.73851, -6.62852, -2.68592, -2.99704, -7.35, -0.861733, -0.6054, -1.39278, -1.29502, -1.24059, -3.74598, 
2001_2: -1.23597, -1.59134, -1.76903, -1.18364, -4.01115, -2.61875, -4.38661, -4.59721, -1.52358, -1.26638, -1.7849, -0.952199, -1.28182, -1.55445, -1.93937, -0.648418, -3.7535, -1.3818, -1.80612, -2.40323, -3.03034, -1.58287, -2.67475, -1.89817, -3.50669, -0.988016, -5.47323, -1.4751, -2.43584, -1.98598, 
2003_3: -1.55163, -2.02752, -2.18369, -1.60196, -2.07897, -1.93353, -1.6127, -3.17309, -1.97308, -2.35587, -3.5629, -2.24052, -2.79293, -1.84735, -1.41408, -1.82304, -5.17931, -4.38682, -4.8157, -1.04872, -1.29462, -2.05676, -1.77518, -2.66775, -2.62525, -0.784927, -5.63976, -2.84239, -2.09897, -2.79393, 
2001_5: -2.78541, -5.01634, -1.48592, -1.32202, -1.47582, -1.37454, -0.406981, -1.17961, -0.313521, -1.18512, -8.24455, -0.466546, -1.8191, -1.78957, -0.559678, -1.33386, -1.56521, -1.63166, -4.75494, -4.31879, -5.06356, -1.36455, -0.899167, -1.38875, -1.20521, -0.581023, -0.658268, -1.0191, -3.31157, -3.83166, 
2002_2: -3.97064, -2.87157, -2.2313, -1.8569, -2.22436, -1.60118, -8.33311, -2.05375, -0.773743, -1.94114, -4.28402, -4.05345, -1.55611, -1.95963, -0.63627, -1.74777, -2.58236, -1.8445, -1.01854, -0.110502, -0.682444, -4.44941, -1.86203, -1.67239, -0.871821, -1.97805, -2.83002, -1.84882, -3.6481, -2.74824, 
2000_1: -1.05921, -0.960177, -0.971598, -2.10923, -3.37309, -1.16234, -1.47975, -4.93003, -6.09287, -1.5868, -1.06875, -6.71681, -2.26352, -7.89334, -0.477769, -1.62237, -3.5578, -1.88936, -1.02863, 0.126961, -1.14801, -1.42658, -1.05479, -4.28756, -1.16118, -0.707501, -0.730997, -3.18544, -0.799591, -4.44589, 
2000_5: -0.470131, -1.97702, -2.63778, -1.02867, -0.948558, -0.488019, -2.55269, -0.975958, 0.030447, -1.80818, -0.594915, -0.279876, -3.4376, 0.0838431, -6.26132, -1.92174, -3.1914, -0.923808, -1.35057, 0.194302, 0.347121, -0.824196, -0.892168, -3.36105, -0.4332, -1.96835, 0.95402, -0.689996, -0.637219, -2.79074, 
2001_4: -0.279716, -1.3049, -1.31687, -1.07058, -1.31123, -0.959388, -0.396389, -0.960766, -0.968535, -1.27151, -5.17675, -0.839075, -4.23926, -2.63463, -2.74561, -1.77608, -1.29224, -3.52153, -3.61366, -1.08786, -3.27002, -0.84108, -1.62532, -1.60751, -0.247656, -0.29231, -0.886486, -1.00434, -1.15768, -4.7853, 

== Topic 0 == (61566) 
	result	0.0183	1127
	evalu	0.0135	832
	identifi	0.0104	642
	compar	0.00983	605
	assess	0.00935	576
== Topic 1 == (19393) 
	event	0.0799	1550
	news	0.0466	904
	detect	0.0358	693
	time	0.0279	541
	stream	0.0275	533
== Topic 2 == (10115) 
	network	0.174	1756
	neural	0.0434	439
	deep	0.0189	191
	chines	0.0162	163
	analysi	0.013	132
== Topic 3 == (20791) 
	imag	0.0867	1802
	search	0.0654	1361
	queri	0.0562	1168
	retriev	0.0408	849
	video	0.0238	495
== Topic 4 == (30705) 
	clinic	0.042	1289
	medic	0.0401	1231
	patient	0.0296	910
	health	0.0258	791
	report	0.0228	701
== Topic 5 == (22874) 
	languag	0.0778	1780
	word	0.035	801
	translat	0.0205	470
	english	0.0203	465
	arab	0.0192	440
== Topic 6 == (43151) 
	analysi	0.0291	1257
	visual	0.0276	1191
	map	0.0212	913
	structur	0.0186	802
	gener	0.0151	654
== Topic 7 == (19736) 
	articl	0.0482	950
	literatur	0.0309	610
	scientif	0.0292	575
	public	0.0258	509
	citat	0.0216	427
== Topic 8 == (17528) 
	pattern	0.0712	1248
	rule	0.0541	948
	associ	0.0382	670
	algorithm	0.0314	551
	sequenc	0.0221	387
== Topic 9 == (53714) 
	classif	0.0689	3699
	featur	0.066	3545
	classifi	0.0439	2356
	select	0.0222	1191
	perform	0.0207	1112
== Topic 10 == (25331) 
	gene	0.042	1063
	cancer	0.0168	424
	pathway	0.0143	363
	express	0.0137	348
	cell	0.0123	311
== Topic 11 == (31567) 
	cluster	0.114	3602
	algorithm	0.0442	1395
	document	0.0193	608
	base	0.0139	440
	matrix	0.0135	426
== Topic 12 == (49271) 
	learn	0.0552	2721
	label	0.0227	1120
	domain	0.019	935
	problem	0.0181	893
	train	0.0159	783
== Topic 13 == (24113) 
	model	0.146	3527
	topic	0.103	2473
	latent	0.0234	565
	predict	0.0211	509
	stock	0.0138	334
== Topic 14 == (41659) 
	knowledg	0.0614	2557
	semant	0.052	2167
	ontolog	0.0441	1835
	concept	0.0393	1636
	extract	0.0283	1178
== Topic 15 == (24061) 
	technolog	0.0501	1206
	patent	0.0465	1118
	analysi	0.0249	599
	busi	0.0199	479
	compani	0.0143	345
== Topic 16 == (11005) 
	detect	0.0468	515
	email	0.026	286
	spam	0.0245	269
	messag	0.0163	179
	secur	0.0161	177
== Topic 17 == (35649) 
	social	0.0776	2767
	user	0.0382	1361
	media	0.0367	1307
	network	0.0294	1047
	twitter	0.0292	1042
== Topic 18 == (15353) 
	softwar	0.0351	539
	report	0.0287	440
	system	0.0268	411
	code	0.0188	288
	develop	0.0173	265
== Topic 19 == (65794) 
	larg	0.0159	1044
	algorithm	0.015	984
	time	0.0145	956
	process	0.0137	901
	effici	0.0131	859
== Topic 20 == (46650) 
	system	0.0433	2019
	tool	0.0214	1001
	user	0.0169	787
	develop	0.0146	680
	design	0.0142	662
== Topic 21 == (17860) 
	web	0.182	3242
	page	0.0569	1016
	content	0.0331	592
	user	0.0238	425
	extract	0.0232	414
== Topic 22 == (54203) 
	gene	0.0338	1831
	literatur	0.0272	1475
	protein	0.0249	1351
	biolog	0.0232	1256
	interact	0.023	1248
== Topic 23 == (32294) 
	sentiment	0.131	4222
	analysi	0.0699	2256
	opinion	0.064	2066
	emot	0.0225	726
	polar	0.0196	632
== Topic 24 == (21377) 
	similar	0.0604	1291
	measur	0.0397	848
	graph	0.0357	762
	semant	0.0232	496
	answer	0.0194	415
== Topic 25 == (47105) 
	document	0.111	5228
	term	0.0437	2059
	word	0.0399	1881
	extract	0.0237	1116
	result	0.0162	765
== Topic 26 == (92998) 
	techniqu	0.0112	1043
	analysi	0.0112	1039
	process	0.0106	990
	applic	0.0106	988
	develop	0.00988	918
== Topic 27 == (23962) 
	review	0.0667	1599
	product	0.0566	1355
	user	0.0388	930
	custom	0.0328	787
	servic	0.0307	735
== Topic 28 == (45194) 
	extract	0.0499	2257
	entiti	0.0412	1863
	system	0.0308	1394
	name	0.0292	1318
	annot	0.0271	1227
== Topic 29 == (14319) 
	environment	0.0109	156
	region	0.00988	141
	polici	0.00967	138
	cultur	0.00829	119
	land	0.00808	116
