== Parameters ==
-3.41369, 1.08619, -0.0496155, 0.192717, -0.294699, 0.0172562, 0.0560779, -0.220676, 0.0406981, 0.10864, -0.109814, 0.00412494, 0.0169428, -0.138099, -0.194493, -0.277075, -0.112344, 0.21927, -0.407871, -0.332398,
-2.34747, -0.0963391, -0.612702, 0.014513, 0.222002, -0.267507, -0.0906469, 0.0963438, -0.0329594, 0.215721, -0.0607491, -0.128902, -0.124738, -0.0478776, -0.00870177, -0.0429261, -0.107744, -0.354267, -0.187041, 0.0240216,
-3.82895, 0.361336, -0.0486144, 0.0483926, -0.213215, -0.254851, -0.303574, 0.337043, 0.133134, -0.0343108, -0.0814782, 0.167599, -0.00265155, 0.262181, 0.559972, -0.245668, -0.186351, 0.291686, 0.142567, 0.222877,
-3.4207, 1.1815, -0.310746, -0.0439396, -0.281304, -0.325048, 0.108341, -0.218468, -0.0326041, 0.0492474, -0.0768511, -0.16239, -0.249347, 0.37902, -0.342856, 0.0292917, 0.21104, -0.374914, 0.00211826, 0.299817,
-2.65426, 0.135909, -0.535528, -0.105176, 0.0680259, -0.173316, -0.186053, 0.185586, 0.0536663, 0.0184164, -0.180525, 0.121538, -0.207862, -0.0159043, -0.144116, 0.143109, 0.00567275, 0.0857212, -0.0218549, -0.279774,
-2.87211, 0.656054, -0.0913418, -0.0618474, 0.111119, 0.0479242, 0.28478, -0.202463, -0.0300591, 0.223687, 0.027721, -0.02722, 0.161735, -0.147819, 0.170978, 0.218951, -0.0668684, -0.107872, -0.510173, 0.198457,
-2.68419, -0.0054325, -0.717945, -0.199358, 0.214157, -0.251784, -0.214667, 0.225552, -0.210741, 0.0294506, -0.000979319, -0.0654338, 0.0330956, 0.140146, 0.202187, 0.112648, -0.43016, 0.145788, 0.033592, -0.0287536,
-3.64108, 1.3677, 0.133846, -0.293886, -0.0263398, 0.287567, -0.106314, -0.417504, 0.119284, 0.288671, 0.135, -0.0611815, 0.132478, -0.0973704, 0.188204, 0.0162248, 0.255584, 0.18509, -0.189179, -0.333024,
-2.30574, 0.176852, 0.11067, -0.134362, 0.00571634, -0.473524, -0.383668, 0.287978, -0.0351258, -0.114828, -0.241616, -0.0704367, -0.100011, 0.304243, 0.113767, -0.0513097, 0.280925, -0.175023, -0.121671, 0.0300082,
-3.53155, 1.3254, -0.196899, -0.326686, 0.12826, 0.177461, -0.248883, -0.0749043, -0.139183, 0.119712, 0.0787727, 0.103305, -0.281219, 0.431507, 0.70913, -0.0383612, -0.0308459, -0.248649, -0.354281, 0.035132,
-0.346459, 0.453533, -0.010828, -0.110604, -0.263373, -0.0517752, 0.0136633, -0.0787161, 0.0353008, 0.0947875, -0.0777557, 0.022225, -0.20092, -0.0858625, 0.13926, -0.0345197, 0.25668, 0.0426977, -0.0469935, 0.0184183,
-1.97377, -0.402528, -0.0858327, -0.202344, 0.0326995, -0.311402, -0.0617232, 0.2167, -0.126815, 0.167944, -0.181398, -0.0245833, -0.0276783, -0.358632, 0.132625, 0.087781, 0.0325561, 0.00260287, 0.179324, 0.659675,
-3.00912, 0.407613, 0.406927, 0.0236192, -0.222973, 0.163023, 0.0723016, -0.278482, -0.171107, -0.130244, -0.0318779, 0.0951568, 0.248683, 0.268045, 0.288092, -0.218766, -0.239004, -0.201829, 0.0149575, -0.709291,
-3.00849, 0.624065, -0.502429, -0.0708078, -0.223011, 0.242932, -0.192439, -0.0349519, 0.419167, 0.240036, -0.128785, 0.158438, -0.0656861, 0.0467719, 0.187174, 0.0709456, -0.11137, -0.219457, 0.143581, -0.254586,
-4.2526, 0.626065, -0.137672, -0.251128, -0.0352341, -0.0256884, 0.510851, -0.357942, -0.0833979, 0.0865066, 0.0622142, 0.207607, 0.122253, -0.734976, 0.0854346, -0.308527, -0.114235, 0.00179148, -0.261832, -0.0609528,
-3.01812, -0.0336757, -0.0155514, -0.205119, 0.0566656, 0.33847, -0.103621, -0.169362, 0.238349, 0.174231, -0.0859137, 0.156465, -0.10616, -0.106599, 0.212101, -0.207463, -0.0649304, -0.0133799, -0.0601743, 0.149482,
-3.30148, 0.291369, 0.116165, -0.310608, 0.216997, 0.0809566, -0.171797, -0.0345184, 0.183061, 0.139751, -0.111241, -0.00344119, 0.119788, 0.209117, 0.123623, 0.125108, 0.189087, -0.295333, -0.234004, 0.299859,
-2.59545, 0.361915, 0.161435, -0.161016, 0.199272, 0.125448, -0.24395, 0.00770841, 0.338057, -0.301596, 0.0471652, 0.0879394, -0.125837, 0.0384321, -0.280948, -0.0754856, 0.284101, 0.0583984, -0.46854, 0.135483,
-3.00045, 0.207354, 0.336558, 0.14702, -0.0353573, 0.275074, -0.116484, 0.247368, 0.0188998, -0.355285, -0.0423144, -0.305794, 0.25402, -0.136295, 0.0567177, 0.148038, -0.344015, 0.0267972, 0.114323, 0.145349,
-4.12814, -0.637767, 0.151529, 0.0933772, 0.0520833, 0.644827, 0.167003, -0.0397994, 0.0836492, -0.029708, -0.103912, 0.0214256, -0.161522, -0.0923546, -0.0301067, -0.125877, 0.0527107, 0.0315052, 0.00642591, 0.301159,
-3.31941, 0.552948, 0.163541, -0.118812, -0.000623962, -0.0220309, 0.177382, 0.116328, -0.189197, 0.219242, -0.0813857, 0.350147, -0.390209, -0.00215864, 0.274574, 0.265915, -0.00751857, 0.0855955, -0.118423, 0.123917,
-2.75023, 1.54055, -1.41266, -0.359463, 0.286736, 0.0642505, -0.133695, -0.401694, 0.498528, -0.231767, -0.0357243, -0.00693963, 0.333992, -0.00445168, -0.136423, 0.0690514, 0.0715009, -0.0581699, 0.129267, -0.0301269,
-3.90783, 0.453556, 0.0805216, 0.200151, -0.0411431, -0.0693903, 0.101063, -0.316161, -0.128858, -0.0383647, -0.0934152, -0.139551, -0.0130397, -0.154632, -0.0333439, -0.431769, 0.295106, -0.0531528, -0.000568822, 0.0618738,
-2.2359, -0.0940322, -0.870102, 0.264609, 0.0734465, -0.545663, -0.0112157, 0.219218, -0.208041, 0.101858, -0.10754, -0.0155889, -0.0697727, 0.199848, 0.0640125, 0.0511658, -0.216615, -0.0354322, -0.0391431, 0.157031,
-3.14995, 0.450047, 0.709284, -0.0639319, -0.0718815, -0.119442, -0.155357, 0.0835299, 0.10204, 0.0517935, -0.150293, 0.0139061, -0.194039, 0.190411, 0.252947, -0.0541812, 0.161586, 0.0177753, 0.0767941, 0.210501,
-6.00579, 0.937543, 0.260197, -0.131994, -0.19524, 0.610742, -0.0197675, -0.330296, -0.166337, 0.301892, -0.237209, -0.127541, -0.253, -0.0925214, -0.344865, -0.104529, -0.266571, -0.136775, 0.206418, 0.152515,
-2.92914, 0.776996, -0.356843, -0.0350885, -0.108016, 0.2492, -0.489026, 0.168024, -0.030524, 0.155782, -0.0656995, -0.126997, 0.366969, -0.0747284, -0.262497, -0.00781631, -0.133332, -0.213839, 0.053644, 0.000912714,
-3.28144, 1.10873, 0.192076, -0.302299, -0.170823, 0.0855352, -0.248002, 0.0811124, -0.193151, 0.0643525, 0.0659682, 0.201418, -0.0499565, -0.239895, -0.0811196, 0.253479, -0.325389, 0.00716148, -0.103661, 0.163798,
-5.06722, -0.951918, 0.3748, 0.17934, 0.0356505, 0.0140304, 0.0708714, -0.117467, 0.246471, -0.100995, -0.0192465, 0.0384494, -0.288671, 0.372837, -0.336133, -0.0513363, 0.0287809, 0.326782, 0.110925, -0.216565,
-2.0326, 0.0354484, 0.0370724, -0.165218, -0.11155, -0.14118, -0.179616, 0.171833, -0.0420205, -0.00120899, 0.0296211, -0.255993, -0.172868, 0.155132, 0.114776, 0.0859208, -0.0782751, 0.341767, 0.315848, 0.0716796,

== Topic 0 == (18162)
        imag    0.105   1916
        visual  0.0458  833
        video   0.0308  560
        retriev 0.0199  362
        locat   0.0154  281
        geograph        0.0137  249
        featur  0.0132  240
        multimedia      0.0131  238
        annot   0.0122  221
        spatial 0.0105  190
== Topic 1 == (46520)
        system  0.0398  1852
        tool    0.0227  1057
        servic  0.0197  917
        develop 0.0172  798
        user    0.0148  690
        process 0.0141  655
        design  0.0141  654
        provid  0.0137  638
        applic  0.0132  613
        visual  0.012   558
== Topic 2 == (15774)
        news    0.0652  1028
        predict 0.0279  441
        market  0.027   426
        financi 0.0264  416
        stock   0.0228  360
        articl  0.0227  357
        analysi 0.0169  267
        price   0.0157  247
        event   0.0152  241
        compani 0.0147  232
== Topic 3 == (19920)
        detect  0.0257  513
        softwar 0.0247  493
        report  0.021   418
        system  0.02    398
        email   0.016   319
        spam    0.0155  310
        code    0.0146  292
        bug     0.0139  277
        techniqu        0.0136  272
        sourc   0.0114  227
== Topic 4 == (35829)
        semant  0.082   2939
        ontolog 0.0582  2084
        concept 0.0565  2025
        knowledg        0.048   1721
        domain  0.0273  978
        relat   0.0184  661
        base    0.018   645
        relationship    0.0144  517
        represent       0.0143  513
        structur        0.0134  480
== Topic 5 == (36032)
        learn   0.0693  2499
        label   0.0314  1130
        model   0.0232  835
        train   0.021   757
        domain  0.0184  664
        classif 0.0163  588
        problem 0.0147  531
        machin  0.0146  526
        task    0.0133  479
        featur  0.013   467
== Topic 6 == (34911)
        web     0.106   3692
        search  0.0593  2071
        queri   0.0424  1480
        user    0.037   1290
        page    0.0332  1159
        retriev 0.0284  992
        result  0.0201  701
        engin   0.0194  676
        content 0.0191  667
        relev   0.0167  582
== Topic 7 == (34893)
        sentiment       0.132   4622
        analysi 0.0706  2463
        opinion 0.0614  2142
        emot    0.0219  765
        polar   0.0202  704
        review  0.0176  613
        neg     0.0159  555
        express 0.0159  553
        word    0.0143  500
        posit   0.0143  499
== Topic 8 == (30122)
        languag 0.0676  2035
        word    0.03    905
        translat        0.0172  518
        english 0.0172  518
        extract 0.0165  498
        arab    0.0162  488
        natur   0.0157  471
        corpu   0.015   452
        system  0.0144  434
        chines  0.0142  429
== Topic 9 == (30350)
        topic   0.118   3577
        model   0.0843  2558
        document        0.0305  926
        latent  0.0209  634
        summar  0.0186  564
        gener   0.0114  347
        tempor  0.011   335
        lda     0.0107  325
        summari 0.0107  323
        discov  0.00954 289
== Topic 10 == (243619)
        process 0.0122  2970
        techniqu        0.00957 2330
        provid  0.00778 1896
        applic  0.00748 1823
        work    0.00665 1621
        new     0.00639 1557
        howev   0.00634 1544
        result  0.00622 1516
        larg    0.00614 1495
        develop 0.00613 1493
== Topic 11 == (40149)
        document        0.107   4280
        cluster 0.103   4123
        term    0.0345  1384
        algorithm       0.0287  1152
        base    0.0175  703
        result  0.0157  628
        similar 0.0141  567
        weight  0.013   523
        word    0.0126  505
        set     0.0119  477
== Topic 12 == (34668)
        clinic  0.0355  1231
        medic   0.0347  1201
        patient 0.0291  1008
        report  0.0252  872
        health  0.0247  857
        record  0.0224  776
        system  0.0138  477
        diseas  0.0138  477
        electron        0.00993 344
        care    0.00976 338
== Topic 13 == (30014)
        algorithm       0.0403  1210
        matrix  0.015   450
        comput  0.014   420
        graph   0.0133  398
        space   0.0127  380
        effici  0.0122  365
        set     0.0119  358
        problem 0.0115  345
        cluster 0.0115  344
        factor  0.0107  322
== Topic 14 == (24118)
        gene    0.0604  1457
        diseas  0.0283  683
        cancer  0.0203  491
        associ  0.0179  432
        network 0.0152  367
        express 0.0139  335
        cell    0.0124  300
        analysi 0.0118  285
        pathway 0.0115  276
        phenotyp        0.0112  269
== Topic 15 == (39338)
        annot   0.0367  1443
        biomed  0.036   1415
        literatur       0.0254  1000
        gene    0.0243  954
        extract 0.0183  718
        system  0.0174  683
        curat   0.0169  665
        interact        0.0158  621
        result  0.0153  602
        biolog  0.0147  580
== Topic 16 == (17535)
        model   0.107   1878
        predict 0.0323  567
        recognit        0.0166  290
        speech  0.0141  248
        estim   0.0114  199
        statist 0.0112  197
        base    0.0109  190
        variabl 0.0106  185
        show    0.0101  177
        regress 0.00899 158
== Topic 17 == (38946)
        analysi 0.0221  862
        scienc  0.0191  743
        articl  0.0189  738
        field   0.0159  620
        scientif        0.0158  616
        public  0.0151  587
        paper   0.0124  484
        literatur       0.0119  462
        journal 0.0112  436
        author  0.0109  425
== Topic 18 == (20583)
        literatur       0.0271  558
        review  0.026   536
        term    0.0246  506
        articl  0.0221  455
        biomed  0.0208  428
        systemat        0.0169  348
        search  0.0163  336
        result  0.0156  321
        abstract        0.0156  320
        medic   0.0138  284
== Topic 19 == (33762)
        protein 0.0365  1231
        databas 0.0261  882
        biolog  0.0231  778
        gene    0.0226  762
        interact        0.0207  698
        function        0.0191  646
        network 0.0189  638
        literatur       0.0139  471
        sequenc 0.0134  452
        genom   0.0115  389
== Topic 20 == (25315)
        review  0.0742  1879
        product 0.0614  1555
        custom  0.0381  964
        user    0.0299  756
        onlin   0.0269  681
        recommend       0.0242  613
        consum  0.0222  562
        servic  0.019   481
        rate    0.015   381
        market  0.0108  274
== Topic 21 == (66905)
        classif 0.0615  4114
        featur  0.0589  3939
        classifi        0.0402  2693
        select  0.0212  1419
        perform 0.021   1405
        algorithm       0.0174  1165
        result  0.0168  1121
        machin  0.016   1072
        accuraci        0.0149  999
        base    0.0144  961
== Topic 22 == (13362)
        environment     0.0141  188
        polici  0.0133  178
        region  0.0106  141
        potenti 0.00947 126
        land    0.00939 125
        discoveri       0.00769 103
        energi  0.00762 102
        countri 0.00762 102
        sustain 0.00725 97
        identifi        0.00717 96
== Topic 23 == (37928)
        extract 0.0531  2015
        knowledg        0.0379  1437
        associ  0.0352  1336
        rule    0.0304  1154
        pattern 0.0235  890
        system  0.0196  742
        discoveri       0.0193  731
        relat   0.0169  639
        paper   0.0168  638
        base    0.0166  630
== Topic 24 == (20385)
        student 0.0205  419
        learn   0.0194  395
        commun  0.0189  386
        analysi 0.0155  317
        discuss 0.0135  275
        educ    0.013   265
        onlin   0.0121  247
        assess  0.00964 196
        forum   0.00915 187
        group   0.0091  186
== Topic 25 == (12574)
        drug    0.0939  1181
        chemic  0.0315  396
        effect  0.0247  311
        medicin 0.0177  223
        advers  0.0161  202
        compound        0.0152  192
        target  0.0115  144
        discoveri       0.0112  140
        develop 0.00966 121
        tcm     0.00958 120
== Topic 26 == (38236)
        extract 0.0651  2489
        entiti  0.051   1950
        event   0.0315  1204
        system  0.0276  1054
        name    0.0267  1021
        relat   0.0253  966
        task    0.0191  731
        recognit        0.0147  564
        perform 0.0116  442
        corpu   0.0113  432
== Topic 27 == (38163)
        social  0.0766  2925
        network 0.0405  1546
        media   0.0374  1429
        user    0.0351  1341
        twitter 0.0279  1065
        tweet   0.0199  760
        content 0.0173  661
        commun  0.0165  630
        messag  0.0159  608
        post    0.0149  569
== Topic 28 == (14570)
        patent  0.0832  1213
        technolog       0.0732  1066
        analysi 0.0323  471
        innov   0.0173  252
        trend   0.0161  234
        identifi        0.0155  226
        develop 0.0151  221
        technic 0.012   175
        new     0.0119  174
        keyword 0.0113  164
== Topic 29 == (39778)
        similar 0.0404  1608
        word    0.0302  1201
        measur  0.0293  1167
        pattern 0.0262  1042
        algorithm       0.0162  645
        detect  0.0133  530
        two     0.0131  523
        differ  0.013   517
        time    0.0126  500
        sentenc 0.0122  487
