== Parameters ==
-2.38168, 0.0776987, 0.150754, 0.0840859, -0.0728465, 0.230566, -0.314013, -0.0984679, -0.0350774, 0.121711, -0.00892623, -0.0779464, 0.15203, -0.0769854, -0.000587273, -0.0381643, -0.0804462, -0.0192542, -0.0632567, 0.091768,
-4.42115, 0.24219, -0.232535, 0.00958172, 0.212239, 0.0118599, -0.31206, -0.0476959, 0.0713627, 0.0741166, -0.315523, 0.108069, -0.0257098, 0.0304807, -0.00458131, 0.235074, -0.332225, -0.263986, -0.165309, -0.267379,
-3.52909, 0.353571, 0.290711, 0.0037622, -0.344806, 0.185008, 0.146944, -0.15398, -0.187986, 0.436005, -0.169546, -0.0278869, -0.042351, -0.0820888, -0.171747, -0.135797, -0.166451, 0.438167, -0.12806, -0.130521,
-1.96339, -0.6927, -0.155999, -0.0620568, -0.410382, -0.50048, 0.482196, 0.00519469, 0.0173527, -0.0375544, -0.277691, -0.130879, -0.298769, 0.190883, -0.00294361, -0.0824433, 0.0834591, 0.163834, 0.316406, -0.00794689,
-5.59681, -0.761314, 0.15641, 0.277138, -0.177635, -0.743199, 0.0411852, -0.0241996, 0.0225693, 0.00709536, -0.0475734, 0.103911, -0.0240703, -0.0762832, 0.164481, -0.0823641, -0.0629589, -0.107578, -0.0177443, -0.279453,
-3.88588, 0.632637, -0.194771, -0.20219, 0.406161, 0.0201761, -0.435877, 0.22596, -0.0889945, 0.107413, -0.0863939, 0.110256, -0.0432612, 0.251617, -0.333975, 0.141196, 0.0977919, -0.0339042, -0.129255, 0.697146,
-3.16478, -0.313901, -0.300496, 0.111831, -0.0459423, -0.292542, 0.152442, -0.0368549, 0.0339814, 0.221243, -0.108208, 0.130272, 0.3292, -0.0801573, 0.113837, -0.0860896, -0.107621, 0.0851761, 0.307829, 0.0368572,
-5.43146, 1.79524, -0.201137, -0.40545, 0.570532, 0.370864, 0.187443, -0.202806, 0.0765566, 0.244071, 0.390821, -0.0265186, 0.0907094, 0.36385, 0.402942, 0.301342, -0.138036, -0.221464, 0.418856, -0.172821,
-3.00977, 0.229377, 0.0437486, -0.0439672, 0.262519, -0.154611, -0.227836, -0.0162376, 0.0773827, -0.219834, -0.0757957, -0.0419509, 0.0805142, 0.212141, -0.0306517, -0.021164, 0.226711, -0.136968, -0.133507, -0.223695,
-3.80899, 0.403305, -0.367565, 0.250435, 0.0503759, -0.272359, -0.220664, 0.507238, -0.301162, 0.542151, -0.314116, -0.116523, 0.0918821, -0.312154, 0.126872, 0.0721138, -0.0262363, -0.0442046, 0.144706, -0.221921,
-3.23721, -0.939751, -0.100178, 0.234001, -0.0161273, -1.3104, 0.218809, 0.206571, -0.117425, -0.139573, -0.165531, 0.148645, -0.000834737, 0.225639, -0.270433, 0.0123797, -0.117368, -0.18136, -0.267055, -0.405367,
-3.4383, 0.918554, -0.708026, -0.210629, -0.205734, 0.145898, 0.0679943, 0.245156, 0.0332465, 0.297637, -0.235102, 0.515806, -0.109284, -0.0705738, 0.299632, 0.152679, 0.016707, 0.0830451, 0.0259282, -0.118568,
-4.18731, -0.119177, -0.229619, -0.146058, -0.0276098, 0.685217, 0.00727751, -0.225385, -0.245456, 0.250851, 0.322536, 0.17832, -0.0436171, 0.270023, -0.310884, 0.221583, -0.190737, -0.0341313, 0.3653, -0.143421,
-3.35197, 0.381527, 0.0177083, 0.0259207, -0.360298, -0.144444, 0.0287917, -0.108786, 0.112338, 0.0161408, -0.289242, -0.0282726, 0.0932201, 0.0440705, -0.161079, 0.0409509, 0.0203396, -0.215171, -0.0406529, 0.246108,
-3.77142, 0.241813, -0.110621, -0.232637, 0.30872, -0.455303, -0.115303, 0.0362055, 0.181583, 0.187259, -0.06982, -0.196777, -0.0508396, 0.470732, 0.349794, 0.101791, 0.000164263, 0.0307236, -0.0423504, 0.111729,
-3.7093, 1.44222, 0.387878, -0.306018, -0.12031, 0.501159, 0.449703, -0.0120225, -0.0279969, -0.0109661, 0.0254271, -0.272176, -0.11573, 0.10455, 0.139456, 0.307762, -0.153023, 0.339445, 0.229084, -0.179907,
-2.38735, -0.542564, 0.0698814, 0.227526, -0.104085, -0.596749, 0.0127242, 0.220947, -0.183934, -0.165021, -0.229993, 0.15291, 0.0239225, 0.0918354, 0.0890594, 0.0177695, -0.0257548, 0.0706512, 0.0148094, 0.254669,
-2.88066, -0.0865935, -0.0895335, -0.0661879, -0.151332, -0.290219, -0.326001, -0.108629, -0.146912, -0.141663, -0.333305, -0.174203, -0.0213888, 0.0845041, -0.194253, -0.100856, 0.273205, -0.231961, 0.102629, -0.231637,
-3.77847, 0.00413583, 0.00663728, -0.201984, -0.0193218, 0.598654, -0.262434, -0.0413586, 0.143958, 0.0238842, 0.241238, 0.0645057, -0.12836, 0.279138, 0.0893542, -0.0483352, 0.102997, -0.299039, -0.237762, 0.0358628,
-3.58312, 0.29875, -0.251463, -0.18822, -0.270397, -0.253723, 0.0309866, 0.275277, -0.39736, 0.247277, -0.132209, 0.0621364, -0.0635839, -0.141034, -0.132253, -0.179339, -0.175999, 0.0736169, 0.115452, -0.244761,
-2.99628, 0.385579, -0.0834196, -0.190707, 0.00374246, 0.404447, -0.0263503, -0.132204, -0.140917, -0.0172961, 0.106296, -0.193705, -0.0418739, -0.00308402, 0.04274, -0.00322932, -0.107071, 0.061066, -0.00796592, 0.00550757,
-3.55976, 1.4519, -0.661868, -0.339025, -0.0637901, -0.191545, 0.109248, -0.0551973, -0.0604804, -0.144261, 0.142279, -0.556526, 0.277223, 0.41533, 0.0964588, 0.0682577, -0.0889442, 0.315542, -0.0605487, -0.353385,
-3.29995, 0.508936, -0.474691, -0.0404308, 0.192271, -0.439715, -0.182587, 0.00715203, -0.0694664, 0.0738846, -0.295305, -0.0278908, 0.0439483, 0.116009, -0.166122, -0.105758, 0.172314, 0.00832846, -0.117646, -0.00772332,
-2.50523, 0.0291004, -0.00303556, -0.0276391, 0.154092, 0.181497, -0.459641, -0.17748, -0.0195171, -0.263571, -0.162363, -0.0404754, 0.115155, 0.258372, -0.273499, -0.00467997, 0.0965762, 0.321814, -0.114955, -0.192041,
-4.45605, 0.351248, -0.0645226, -0.122294, 0.12144, 0.554594, 0.297987, -0.00870762, -0.391925, 0.0561867, 0.130966, -0.176765, -0.142927, 0.0572952, 0.0171834, -0.288022, 0.11834, -0.505616, -0.0899871, 0.308455,
-3.44123, 0.0151106, -0.0716157, 0.0835174, -0.0678022, -0.0945534, -0.3097, -0.118665, 0.188347, -0.221453, 0.0603028, -0.078501, 0.456257, 0.171688, -0.0810637, 0.0354605, 0.115737, 0.212057, 0.422015, 0.10114,
-3.28535, 0.0439766, -0.149433, 0.0144627, -0.304729, -0.559135, -0.372677, -0.126089, -0.0534814, -0.0231027, -0.381317, -0.0221742, -0.112395, -0.373049, 0.0766858, -0.0772808, 0.267837, -0.239607, 0.133802, -0.29027,
-4.68787, 0.371765, 0.246164, -0.208089, 0.26997, 0.220012, 0.00183803, -0.199352, 0.136695, 0.0270127, 0.0870643, 0.300455, 0.320386, -0.147152, 0.0552718, -0.214634, 0.205928, -0.0172516, -0.0151722, 0.0448603,
-4.41959, -0.388126, 0.101051, 0.114177, -0.0836578, -0.77891, 0.00943541, 0.152746, 0.164729, 0.0301445, -0.176859, -0.0927919, -0.00955683, -0.340867, -0.423948, 0.0178568, 0.0551903, 0.0806378, 0.357995, -0.355846,
-3.80228, -0.160458, -0.0761842, 0.207642, -0.070438, -0.843144, -0.111164, -0.0145801, 0.0341839, 0.163813, -0.127986, 0.0919731, 0.358881, -0.00883157, -0.18993, 0.0229605, 0.112585, -0.357901, -0.0941695, -0.0374595,
-4.00679, -0.47506, 0.0036381, -0.20397, 0.0562501, 0.342162, 0.0322142, -0.192148, 0.0627374, 0.308856, -0.0907577, -0.535109, 0.017835, 0.0497555, 0.250629, -0.0454326, -0.222296, 0.338938, 0.36962, 0.286191,
-3.97201, 0.152174, -0.0109956, -0.00380401, -0.181063, 0.202207, 0.156889, 0.0148892, -0.0668208, 0.0435502, 0.265203, -0.359602, 0.160348, -0.155372, -0.0605466, -0.0533506, 0.103917, -0.143922, -0.102874, -0.661459,
-3.13616, -0.0675456, -0.0787763, -0.068956, 0.174629, 0.190374, -0.0816701, -0.348236, 0.364709, -0.184154, 0.0243102, -0.2057, -0.0526635, 0.726617, -0.152067, 0.127785, 0.0980921, 0.29588, -0.278506, -0.367625,
-6.15577, 1.49326, 0.0873242, 0.0787865, -0.0257531, 1.21719, -0.0317445, -0.353981, 0.159396, 0.141015, 0.0474538, -0.0891198, 0.0395468, 0.329967, -0.140119, 0.2974, 0.179907, -0.443037, 0.454407, 0.251607,
-6.36525, 0.770617, 0.106295, 0.263569, 0.14806, 0.416746, 0.17056, 0.0222412, 0.336125, 0.258018, -0.100322, 0.153878, 0.256664, -0.273681, -0.160327, 0.408379, 0.0947703, 0.214823, -0.18365, -0.16147,
-4.97775, 0.168057, 0.142973, -0.194613, -0.000937387, 0.371434, 0.304034, 2.92063e-06, -0.163679, 0.0251783, 0.0507872, -0.014039, -0.266458, -0.0357315, -0.0952842, -0.0553345, 0.116887, 0.0790028, 0.120248, 0.195441,
-4.30073, 0.00678419, 0.242061, 0.107487, -0.299647, 0.0737044, 0.0689369, 0.136454, -0.0713838, -0.181036, 0.116396, 0.0135917, -0.13132, -0.254606, -0.201838, -0.102478, 0.0519916, 0.0125933, -0.341789, 0.242749,
-3.25467, 0.018643, -0.179164, -0.00426007, 0.20406, 0.0708226, 0.0101284, -0.0228136, -0.197662, -0.0223596, -0.0835617, 0.111411, 0.342476, 0.138945, -0.218275, -0.225283, 0.222839, 0.0617479, -0.324978, -0.209933,
-3.53694, -0.100345, 0.0490649, 0.0943419, -0.0416936, 0.181598, -0.0605513, -0.042097, -0.30705, -0.0415168, 0.0422086, -0.207529, -0.262107, 0.110935, 0.104022, -0.0199629, 0.134203, 0.0791754, -0.387553, 0.190077,
-3.35029, -0.0977246, -0.128587, -0.00433876, -0.141462, -0.344423, -0.173335, -0.152367, -0.0789914, 0.0564192, -0.4012, -0.162833, -0.111127, 0.161749, -0.514825, -0.0367039, 0.0878739, -0.248533, 0.141984, 0.204369,

== Topic 0 == (313931)
        theori  0.0139  4351
        concept 0.0109  3413
        social  0.0094  2950
        practic 0.00872 2736
        approach        0.00861 2703
        analysi 0.00839 2634
        understand      0.00835 2621
        knowledg        0.00811 2547
        system  0.00808 2537
        scienc  0.00793 2490
== Topic 1 == (53333)
        imag    0.0715  3815
        visual  0.0211  1127
        method  0.0194  1036
        video   0.0165  879
        featur  0.0125  664
        base    0.0121  645
        3d      0.00993 530
        recognit        0.0098  523
        result  0.00943 503
        algorithm       0.00904 482
== Topic 2 == (183536)
        journal 0.0449  8249
        citat   0.0432  7930
        scienc  0.024   4400
        articl  0.0208  3823
        public  0.0182  3340
        author  0.0169  3110
        impact  0.015   2747
        cite    0.013   2392
        analysi 0.0126  2312
        publish 0.0119  2181
== Topic 3 == (347337)
        new     0.0146  5078
        chang   0.0141  4882
        librarian       0.0139  4816
        servic  0.0135  4688
        commun  0.0123  4267
        academ  0.0108  3746
        profession      0.0105  3662
        role    0.0104  3603
        need    0.0101  3500
        technolog       0.00949 3296
== Topic 4 == (60761)
        catalog 0.0536  3254
        record  0.0302  1837
        metadata        0.0266  1619
        bibliograph     0.0214  1301
        subject 0.0203  1233
        standard        0.0167  1013
        classif 0.0164  998
        catalogu        0.0161  977
        descript        0.0127  772
        author  0.0122  742
== Topic 5 == (68147)
        health  0.0952  6488
        medic   0.0434  2957
        patient 0.0246  1673
        clinic  0.0229  1564
        care    0.0222  1516
        hospit  0.0158  1080
        nurs    0.0137  937
        medicin 0.0124  844
        provid  0.0113  767
        need    0.01    684
== Topic 6 == (97905)
        web     0.112   10929
        site    0.0425  4160
        page    0.0211  2071
        internet        0.0211  2070
        websit  0.0208  2035
        content 0.0201  1972
        user    0.02    1954
        access  0.0184  1798
        tool    0.0174  1702
        resourc 0.0167  1633
== Topic 7 == (95630)
        method  0.0267  2553
        classif 0.0267  2551
        data    0.0249  2378
        predict 0.0167  1601
        model   0.0164  1571
        featur  0.0147  1408
        algorithm       0.0146  1397
        learn   0.0135  1293
        base    0.0134  1283
        classifi        0.0134  1282
== Topic 8 == (174719)
        data    0.0515  9005
        system  0.0307  5367
        model   0.0156  2726
        softwar 0.0147  2572
        applic  0.0129  2252
        integr  0.0112  1951
        semant  0.00966 1688
        process 0.00956 1671
        provid  0.00894 1562
        ontolog 0.00889 1554
== Topic 9 == (72775)
        learn   0.0795  5783
        educ    0.0372  2707
        student 0.0335  2440
        school  0.0325  2364
        teacher 0.0243  1771
        technolog       0.021   1528
        game    0.0178  1297
        teach   0.015   1092
        comput  0.0125  910
        design  0.0112  813
== Topic 10 == (139809)
        collect 0.0336  4691
        electron        0.0321  4485
        univers 0.0221  3093
        resourc 0.0206  2882
        reserv  0.0125  1751
        inc     0.0111  1552
        print   0.0109  1520
        right   0.0103  1434
        servic  0.0102  1422
        manag   0.00941 1316
== Topic 11 == (92396)
        algorithm       0.0579  5353
        comput  0.0212  1960
        optim   0.02    1846
        problem 0.019   1753
        effici  0.0141  1306
        time    0.0128  1180
        perform 0.0104  956
        method  0.0103  947
        result  0.0084  776
        base    0.00757 700
== Topic 12 == (146502)
        channel 0.0556  8152
        capac   0.0228  3340
        rate    0.0139  2041
        receiv  0.0131  1919
        achiev  0.0131  1912
        code    0.0127  1854
        bound   0.0105  1531
        ieee    0.00957 1403
        gaussian        0.00947 1388
        region  0.0094  1377
== Topic 13 == (135434)
        patent  0.0272  3680
        collabor        0.0212  2877
        countri 0.0199  2691
        scientif        0.015   2032
        intern  0.0146  1972
        scienc  0.0145  1966
        univers 0.0135  1833
        technolog       0.0123  1661
        analysi 0.0109  1475
        institut        0.0106  1440
== Topic 14 == (87184)
        control 0.044   3833
        system  0.0419  3657
        model   0.0234  2037
        dynam   0.012   1043
        simul   0.0108  940
        problem 0.01    874
        design  0.00985 859
        robot   0.00854 744
        stabil  0.00841 733
        agent   0.00779 680
== Topic 15 == (108940)
        social  0.0728  7925
        commun  0.0348  3794
        media   0.0333  3629
        network 0.025   2722
        onlin   0.0227  2469
        particip        0.011   1199
        polit   0.0109  1182
        user    0.0105  1142
        blog    0.00948 1033
        twitter 0.00897 977
== Topic 16 == (196014)
        law     0.00757 1485
        one     0.00693 1358
        articl  0.00664 1301
        right   0.00653 1279
        issu    0.00621 1217
        ethic   0.00594 1163
        problem 0.00591 1158
        copyright       0.00548 1074
        legal   0.00529 1038
        mani    0.00526 1032
== Topic 17 == (189514)
        survey  0.0308  5841
        academ  0.0177  3362
        student 0.0165  3123
        data    0.016   3032
        result  0.0156  2957
        univers 0.0135  2552
        find    0.0117  2227
        librarian       0.0111  2103
        respond 0.0099  1877
        particip        0.00904 1713
== Topic 18 == (140992)
        sourc   0.0127  1784
        estim   0.0119  1677
        bound   0.0117  1644
        problem 0.0115  1615
        ieee    0.011   1555
        gener   0.01    1417
        distribut       0.00992 1399
        function        0.00945 1332
        result  0.00899 1267
        signal  0.00865 1220
== Topic 19 == (97190)
        languag 0.0255  2477
        document        0.0251  2439
        text    0.0246  2389
        term    0.0179  1740
        word    0.0139  1356
        extract 0.0116  1127
        method  0.0114  1112
        semant  0.00963 936
        approach        0.00958 931
        automat 0.00847 823
== Topic 20 == (161778)
        model   0.0322  5208
        method  0.019   3078
        cluster 0.0163  2635
        data    0.0123  1995
        measur  0.0118  1917
        estim   0.0106  1709
        set     0.0104  1679
        base    0.00976 1580
        distribut       0.00882 1427
        differ  0.00851 1377
== Topic 21 == (77527)
        access  0.0446  3456
        open    0.042   3253
        publish 0.0396  3066
        journal 0.0295  2287
        scholarli       0.0226  1751
        book    0.021   1628
        sourc   0.0184  1427
        e-book  0.0183  1419
        repositori      0.0182  1408
        articl  0.0169  1311
== Topic 22 == (140958)
        purpos  0.0538  7577
        limit   0.0486  6846
        valu    0.0451  6356
        approach        0.0433  6103
        group   0.0414  5832
        design  0.0412  5810
        find    0.0403  5678
        methodolog      0.0393  5546
        origin  0.0364  5129
        emerald 0.0321  4530
== Topic 23 == (206615)
        evalu   0.0411  8497
        assess  0.023   4748
        qualiti 0.0209  4325
        measur  0.0206  4263
        method  0.0151  3121
        perform 0.0143  2948
        review  0.0119  2451
        result  0.0115  2371
        data    0.0101  2093
        approach        0.00971 2007
== Topic 24 == (115036)
        chemic  0.0315  3629
        compound        0.0241  2773
        predict 0.0167  1926
        model   0.0167  1922
        set     0.0161  1850
        structur        0.0147  1685
        data    0.0135  1555
        descriptor      0.0125  1434
        activ   0.0123  1414
        drug    0.0122  1409
== Topic 25 == (108767)
        public  0.0461  5012
        govern  0.0378  4110
        polici  0.0263  2862
        privaci 0.0149  1625
        e-govern        0.0143  1559
        access  0.0128  1393
        secur   0.00936 1018
        technolog       0.0089  968
        internet        0.00845 919
        citizen 0.00844 918
== Topic 26 == (133007)
        student 0.0705  9375
        literaci        0.0431  5730
        instruct        0.028   3726
        cours   0.0228  3032
        librarian       0.0228  3028
        educ    0.0194  2577
        program 0.0193  2569
        learn   0.0187  2492
        skill   0.0165  2197
        faculti 0.0151  2011
== Topic 27 == (89759)
        protein 0.0156  1399
        bind    0.0151  1358
        molecular       0.014   1256
        structur        0.0131  1178
        energi  0.0128  1149
        interact        0.0122  1100
        simul   0.0102  912
        chemic  0.0101  910
        american        0.00941 845
        societi 0.00926 831
== Topic 28 == (71603)
        univers 0.0316  2266
        countri 0.0221  1582
        ict     0.0218  1558
        africa  0.0161  1150
        commun  0.0146  1048
        access  0.0131  938
        india   0.0124  890
        servic  0.0115  821
        technolog       0.0114  817
        internet        0.0113  811
== Topic 29 == (77574)
        digit   0.116   8962
        archiv  0.0566  4392
        record  0.0356  2764
        collect 0.0277  2146
        preserv 0.0262  2034
        project 0.0185  1438
        repositori      0.0142  1101
        cultur  0.0135  1044
        materi  0.0127  983
        music   0.0125  969
== Topic 30 == (131970)
        code    0.0884  11666
        decod   0.0176  2320
        construct       0.0174  2291
        bound   0.0163  2158
        ieee    0.0138  1824
        sequenc 0.0134  1766
        linear  0.0113  1494
        gener   0.0102  1350
        error   0.0101  1329
        binari  0.00951 1255
== Topic 31 == (80825)
        network 0.0848  6857
        node    0.0212  1711
        scheme  0.0172  1390
        secur   0.0143  1154
        protocol        0.0138  1113
        wireless        0.0126  1015
        commun  0.0106  855
        sensor  0.00983 795
        rout    0.00831 671
        distribut       0.00784 634
== Topic 32 == (184438)
        knowledg        0.0513  9461
        manag   0.0441  8133
        system  0.0216  3985
        organ   0.0174  3211
        process 0.0158  2908
        organiz 0.0139  2556
        implement       0.0135  2483
        organis 0.0117  2154
        project 0.0114  2096
        share   0.0113  2082
== Topic 33 == (105574)
        model   0.025   2643
        factor  0.0228  2402
        influenc        0.0189  1997
        effect  0.0168  1773
        perceiv 0.0167  1768
        user    0.0165  1739
        intent  0.0149  1572
        trust   0.0138  1462
        behavior        0.0133  1400
        relationship    0.0132  1391
== Topic 34 == (109668)
        health  0.0322  3533
        cancer  0.0136  1496
        commun  0.0122  1340
        women   0.0121  1332
        behavior        0.00993 1089
        risk    0.00942 1033
        effect  0.00893 979
        messag  0.00854 936
        literaci        0.00849 931
        associ  0.00726 796
== Topic 35 == (103740)
        ligand  0.0201  2084
        bind    0.0178  1843
        dock    0.0177  1841
        screen  0.0155  1606
        structur        0.0149  1549
        protein 0.0127  1315
        model   0.0123  1280
        score   0.0121  1254
        target  0.0117  1217
        inhibitor       0.0117  1216
== Topic 36 == (75391)
        spatial 0.0312  2353
        map     0.0273  2055
        data    0.0216  1625
        model   0.0198  1494
        geograph        0.0193  1456
        gi      0.0156  1175
        area    0.0116  872
        urban   0.00986 744
        environment     0.00749 565
        locat   0.00736 555
== Topic 37 == (132370)
        search  0.0778  10296
        user    0.035   4632
        retriev 0.0331  4381
        queri   0.0283  3752
        result  0.0189  2498
        system  0.0174  2302
        engin   0.0173  2285
        relev   0.015   1989
        document        0.0122  1612
        effect  0.00988 1308
== Topic 38 == (107813)
        market  0.0256  2765
        busi    0.0243  2622
        firm    0.0179  1926
        product 0.0161  1740
        technolog       0.0151  1629
        custom  0.0133  1436
        industri        0.0118  1277
        compani 0.0114  1227
        cost    0.0102  1097
        price   0.0083  895
== Topic 39 == (84562)
        servic  0.113   9562
        refer   0.0583  4930
        user    0.0441  3727
        mobil   0.0339  2869
        virtual 0.0184  1553
        provid  0.0179  1511
        technolog       0.0154  1303
        devic   0.0112  951
        need    0.0107  908
        access  0.0104  880
